0,0,0,0,0,0,0,0,0,:7:0.04800025
0,0,0,0,0,0,0,1,2,:0:0
0,0,0,0,0,0,0,1,2,:1:0
0,0,0,0,0,0,0,1,2,:2:0
0,0,0,0,0,0,0,1,2,:3:0
0,0,0,0,0,0,0,1,2,:4:0
0,0,0,0,0,0,0,1,2,:5:0
0,0,0,0,0,0,0,1,2,:6:0
0,0,1,2,0,0,0,1,2,:0:0
0,0,1,2,0,0,0,1,2,:1:0
0,0,1,2,0,0,0,1,2,:4:0
0,0,1,2,0,0,0,1,2,:5:0
0,0,1,2,0,0,0,1,2,:6:0
1,0,1,2,0,0,2,1,2,:4:0
1,0,1,2,1,2,2,1,2,:1:0
0,0,0,0,0,0,0,0,0,:0:0.2278233
0,0,0,0,0,0,0,0,0,:1:0.02580378
0,0,0,0,0,0,0,0,0,:2:0.02735352
0,0,0,0,0,0,0,0,0,:3:0.159036
0,0,0,0,0,0,0,0,0,:4:0.004
0,0,0,0,0,0,0,0,0,:5:0.02093627
0,0,0,0,0,0,0,0,0,:6:0.1900965
0,0,0,0,0,0,0,0,0,:8:0.0125
1,0,0,0,0,0,0,0,2,:3:0
1,0,0,1,0,0,2,0,2,:1:0
1,0,0,1,0,0,2,0,2,:2:0
1,0,0,1,0,0,2,0,2,:4:-0.25
1,0,0,1,0,0,2,0,2,:5:0.2
1,0,0,1,0,0,2,0,2,:7:0
1,2,0,0,0,0,0,0,0,:2:0
1,2,0,0,0,0,0,0,0,:3:0
1,2,0,0,0,0,0,0,0,:4:0
1,2,0,0,0,0,0,0,0,:5:0
1,2,0,0,0,0,0,0,0,:6:0
1,2,0,0,0,0,0,0,0,:7:0
1,2,0,0,0,0,0,0,0,:8:0
1,2,0,0,1,0,0,2,0,:3:0
1,2,2,1,1,0,0,2,0,:8:0.5
2,0,1,0,0,0,0,0,0,:1:0
2,0,1,0,0,0,0,0,0,:3:0
2,0,1,0,0,0,0,0,0,:4:0
2,0,1,0,0,0,0,0,0,:5:0
2,0,1,0,0,0,0,0,0,:6:0.2
2,0,1,0,0,0,0,0,0,:7:0
2,0,1,0,0,0,0,0,0,:8:0
2,0,1,0,0,1,0,2,0,:1:0
2,0,1,0,0,1,0,2,0,:3:0
2,0,1,0,0,1,0,2,0,:4:0
2,0,1,0,0,1,0,2,0,:6:0
2,0,1,0,0,1,0,2,0,:8:0
2,2,1,0,0,1,1,2,0,:3:-0.5
0,0,0,2,0,1,0,0,0,:0:0
0,0,0,2,0,1,0,0,0,:1:0
0,0,0,2,0,1,0,0,0,:2:0
0,0,0,2,0,1,0,0,0,:4:0
0,0,0,2,0,1,0,0,0,:6:0
0,0,0,2,0,1,0,0,0,:7:0
0,0,0,2,0,1,0,0,0,:8:0
0,1,0,2,0,1,0,2,0,:0:0
0,1,0,2,0,1,0,2,0,:2:0
0,1,0,2,0,1,0,2,0,:4:0
0,1,0,2,0,1,0,2,0,:6:0
0,1,0,2,0,1,0,2,0,:8:0
2,1,0,2,0,1,1,2,0,:2:0
2,1,0,2,0,1,1,2,0,:4:0
2,1,0,2,0,1,1,2,0,:8:0
2,1,2,2,1,1,1,2,0,:8:0
1,0,2,0,0,0,0,0,0,:4:0
1,0,2,0,1,2,0,0,0,:1:0
1,0,2,0,1,2,0,0,0,:3:0
1,0,2,0,1,2,0,0,0,:6:0
1,0,2,0,1,2,0,0,0,:7:-0.75
1,0,2,0,1,2,0,0,0,:8:0
0,0,0,0,1,0,0,0,2,:7:0
2,0,0,0,1,0,0,1,2,:2:0
2,0,1,2,1,0,0,1,2,:6:0.5
0,0,1,0,2,0,0,0,0,:0:0
0,0,1,0,2,0,0,0,0,:1:0
0,0,1,0,2,0,0,0,0,:3:0
0,0,1,0,2,0,0,0,0,:5:0
0,0,1,0,2,0,0,0,0,:6:0
0,0,1,0,2,0,0,0,0,:7:0
0,0,1,0,2,0,0,0,0,:8:0
2,0,1,0,2,1,0,0,0,:1:-0.25
2,1,1,2,2,1,0,0,0,:8:0.5
1,0,0,0,2,0,0,0,0,:1:0
1,0,0,0,2,0,0,0,0,:2:0
1,0,0,0,2,0,0,0,0,:3:0
1,0,0,0,2,0,0,0,0,:5:0
1,0,0,0,2,0,0,0,0,:6:0
1,0,0,0,2,0,0,0,0,:7:0
1,0,0,0,2,0,0,0,0,:8:0
1,0,2,0,2,1,0,0,0,:3:-0.75
0,1,0,0,0,0,0,0,2,:2:0
0,1,1,0,2,0,0,0,2,:0:0
0,1,1,0,2,0,0,0,2,:3:0
0,1,1,0,2,0,0,0,2,:5:0
0,1,1,0,2,0,0,0,2,:6:-0.5
0,1,1,0,2,0,0,0,2,:7:0
0,2,0,0,0,0,1,0,0,:0:0.2
0,2,0,0,0,0,1,0,0,:2:0.1609802
0,2,0,0,0,0,1,0,0,:3:0.08000001
0,2,0,0,0,0,1,0,0,:4:0.25
0,2,0,0,0,0,1,0,0,:5:0
0,2,0,0,0,0,1,0,0,:7:0
0,2,0,0,0,0,1,0,0,:8:0
1,2,0,0,0,0,1,0,2,:2:0
1,2,0,0,0,0,1,0,2,:3:0
1,2,0,0,0,0,1,0,2,:4:0
1,2,0,0,0,0,1,0,2,:5:0
1,2,0,0,0,0,1,0,2,:7:0
1,2,1,0,0,0,1,2,2,:3:0.75
1,2,1,0,0,0,1,2,2,:4:0
1,2,1,0,0,0,1,2,2,:5:0
0,2,0,0,1,0,0,0,0,:7:0
0,2,0,0,1,2,0,1,0,:0:0
0,2,0,0,1,2,0,1,0,:2:0
0,2,0,0,1,2,0,1,0,:3:0
0,2,0,0,1,2,0,1,0,:6:0
0,2,0,0,1,2,0,1,0,:8:0
0,2,2,1,1,2,0,1,0,:0:0
0,2,2,1,1,2,0,1,0,:6:-0.5
0,2,2,1,1,2,0,1,0,:8:0
0,1,0,0,0,0,0,2,0,:2:0
0,1,1,2,0,0,0,2,0,:0:0.5
0,1,1,2,0,0,0,2,0,:4:0
0,1,1,2,0,0,0,2,0,:5:0
0,1,1,2,0,0,0,2,0,:6:0
0,1,1,2,0,0,0,2,0,:8:0
0,1,1,2,2,1,0,2,0,:0:0.5
0,1,1,2,2,1,0,2,0,:6:0
0,1,1,2,2,1,0,2,0,:8:0
2,0,0,1,0,0,0,0,0,:5:0.4875
2,0,0,1,2,1,0,0,0,:1:0
2,0,0,1,2,1,0,0,0,:2:0
2,0,0,1,2,1,0,0,0,:6:0
2,0,0,1,2,1,0,0,0,:7:-0.5
2,0,0,1,2,1,0,0,0,:8:0
2,0,1,1,2,1,0,2,0,:1:-0.25
2,0,1,1,2,1,0,2,0,:6:0
2,0,1,1,2,1,0,2,0,:8:0
1,0,0,0,0,0,0,0,2,:6:0.3
1,0,0,0,0,2,1,0,2,:1:0
1,0,0,0,0,2,1,0,2,:2:0
1,0,0,0,0,2,1,0,2,:3:0.875
1,0,0,0,0,2,1,0,2,:4:0
1,0,0,0,0,2,1,0,2,:7:0
1,0,0,0,2,1,2,0,0,:1:0
1,0,0,0,2,1,2,0,0,:2:0
1,0,0,0,2,1,2,0,0,:3:0
1,0,0,0,2,1,2,0,0,:7:0
1,0,0,0,2,1,2,0,0,:8:0
1,0,0,1,2,1,2,0,2,:7:0
1,2,0,1,2,1,2,1,2,:2:0
2,0,0,0,0,0,0,1,0,:1:0
2,1,0,2,0,0,0,1,0,:5:-0.25
0,2,0,0,0,0,0,1,0,:6:0
0,2,0,0,0,2,1,1,0,:0:0
0,2,0,0,0,2,1,1,0,:2:0
0,2,0,0,0,2,1,1,0,:3:0
0,2,0,0,0,2,1,1,0,:4:0
0,2,0,0,0,2,1,1,0,:8:0
2,2,0,0,1,2,1,1,0,:2:0.75
0,1,0,0,2,0,0,0,0,:8:0
0,1,0,2,2,0,0,0,1,:2:0
0,1,1,2,2,0,2,0,1,:0:0.5
0,1,1,2,2,0,2,0,1,:5:-0.5
0,1,1,2,2,0,2,0,1,:7:0
2,0,1,0,0,0,2,1,0,:5:0
2,0,1,0,2,1,2,1,0,:1:-0.75
2,0,1,0,2,1,2,1,0,:3:0
2,0,1,0,2,1,2,1,0,:8:0
2,2,1,1,2,1,2,1,0,:8:0
0,2,1,0,0,0,0,0,0,:7:0
0,2,1,2,0,0,0,1,0,:0:0
0,2,1,2,0,0,0,1,0,:4:0
0,2,1,2,0,0,0,1,0,:5:0
0,2,1,2,0,0,0,1,0,:6:0
0,2,1,2,0,0,0,1,0,:8:0
0,2,1,2,1,0,0,1,2,:6:0.75
0,0,0,0,0,0,1,2,0,:2:0
0,2,1,0,0,0,1,2,0,:5:0
0,2,1,0,0,1,1,2,2,:0:0
0,2,1,0,0,1,1,2,2,:3:-0.5
0,2,1,0,0,1,1,2,2,:4:0
1,2,1,2,0,1,1,2,2,:4:0
0,0,1,0,0,0,0,2,0,:1:0
0,1,1,0,0,2,0,2,0,:0:0.5
0,1,1,0,0,2,0,2,0,:3:0
0,1,1,0,0,2,0,2,0,:4:0
0,1,1,0,0,2,0,2,0,:6:0
0,1,1,0,0,2,0,2,0,:8:0
0,1,1,1,0,2,0,2,2,:0:0.75
0,1,1,1,0,2,0,2,2,:4:0
0,1,1,1,0,2,0,2,2,:6:0
0,0,0,2,0,0,1,0,0,:0:0
0,0,0,2,0,0,1,0,0,:1:0
0,0,0,2,0,0,1,0,0,:2:0.3442735
0,0,0,2,0,0,1,0,0,:4:0.1
0,0,0,2,0,0,1,0,0,:5:0
0,0,0,2,0,0,1,0,0,:7:0
0,0,0,2,0,0,1,0,0,:8:0
0,0,2,2,1,0,1,0,0,:0:0
0,0,2,2,1,0,1,0,0,:1:0
0,0,2,2,1,0,1,0,0,:5:0
0,0,2,2,1,0,1,0,0,:7:0
0,0,2,2,1,0,1,0,0,:8:0
0,2,2,2,1,0,1,1,0,:8:0.5
0,0,0,0,2,0,1,0,0,:0:0.5692087
0,0,0,0,2,0,1,0,0,:1:0
0,0,0,0,2,0,1,0,0,:2:0
0,0,0,0,2,0,1,0,0,:3:0
0,0,0,0,2,0,1,0,0,:5:0
0,0,0,0,2,0,1,0,0,:7:0
0,0,0,0,2,0,1,0,0,:8:0
0,0,0,0,2,2,1,1,0,:0:-0.75
0,0,0,0,2,2,1,1,0,:1:0
0,0,0,0,2,2,1,1,0,:2:0
0,0,0,0,2,2,1,1,0,:3:0
0,0,0,0,2,2,1,1,0,:8:0
1,2,0,0,2,2,1,1,0,:3:0.5
0,0,0,0,0,2,0,1,0,:0:0
0,0,0,0,0,2,0,1,0,:1:0.2
0,0,0,0,0,2,0,1,0,:2:0
0,0,0,0,0,2,0,1,0,:3:0
0,0,0,0,0,2,0,1,0,:4:0
0,0,0,0,0,2,0,1,0,:6:0
0,0,0,0,0,2,0,1,0,:8:0
0,1,0,0,0,2,2,1,0,:3:0
0,1,0,1,0,2,2,1,2,:0:0
0,1,0,1,0,2,2,1,2,:2:0
0,1,0,1,0,2,2,1,2,:4:0
0,1,1,1,2,2,2,1,2,:0:0
0,0,0,2,1,0,0,0,0,:0:0
0,0,0,2,1,0,0,0,0,:1:0
0,0,0,2,1,0,0,0,0,:2:0
0,0,0,2,1,0,0,0,0,:5:0
0,0,0,2,1,0,0,0,0,:6:0
0,0,0,2,1,0,0,0,0,:7:0.02
0,0,0,2,1,0,0,0,0,:8:0
2,1,0,2,1,0,0,0,0,:2:0
2,1,0,2,1,0,0,0,0,:5:0
2,1,0,2,1,0,0,0,0,:6:0
2,1,0,2,1,0,0,0,0,:7:0.5
2,1,0,2,1,0,0,0,0,:8:0
0,2,0,0,0,0,0,1,0,:0:0
0,2,0,0,0,0,0,1,0,:2:0
0,2,0,0,0,0,0,1,0,:3:0
0,2,0,0,0,0,0,1,0,:4:0
0,2,0,0,0,0,0,1,0,:5:0
0,2,0,0,0,0,0,1,0,:8:0
2,2,0,0,0,1,0,1,0,:8:0
2,2,0,0,0,1,2,1,1,:3:0
2,2,0,1,2,1,2,1,1,:2:0
1,0,2,0,0,0,0,0,0,:1:0
1,0,2,0,0,0,0,0,0,:3:0
1,0,2,0,0,0,0,0,0,:5:0
1,0,2,0,0,0,0,0,0,:6:0.6375
1,0,2,0,0,0,0,0,0,:7:0
1,0,2,0,0,0,0,0,0,:8:0
1,0,0,0,0,0,0,2,0,:1:0.05
1,0,0,0,0,0,0,2,0,:2:0
1,0,0,0,0,0,0,2,0,:3:0.12
1,0,0,0,0,0,0,2,0,:4:0
1,0,0,0,0,0,0,2,0,:5:0
1,0,0,0,0,0,0,2,0,:6:0
1,0,0,0,0,0,0,2,0,:8:0
1,0,0,0,0,1,2,2,0,:1:0.35
1,0,0,0,0,1,2,2,0,:2:0
1,0,0,0,0,1,2,2,0,:3:0
1,0,0,0,0,1,2,2,0,:4:-0.5
1,0,0,0,0,1,2,2,0,:8:0
1,1,0,2,0,1,2,2,0,:2:0.9375
1,1,0,2,0,1,2,2,0,:4:-0.5
1,1,0,2,0,1,2,2,0,:8:0
0,0,2,0,0,1,0,0,0,:6:0
0,0,2,0,0,1,1,0,2,:1:0
2,1,2,0,0,1,1,0,2,:3:-0.5
0,0,0,1,0,2,0,0,0,:0:0
0,0,0,1,0,2,0,0,0,:1:0
0,0,0,1,0,2,0,0,0,:2:0
0,0,0,1,0,2,0,0,0,:4:0
0,0,0,1,0,2,0,0,0,:6:0
0,0,0,1,0,2,0,0,0,:7:0
0,0,0,1,0,2,0,0,0,:8:0
2,0,1,1,0,2,0,0,0,:6:0
2,0,1,1,0,2,1,2,0,:1:0
2,0,1,1,0,2,1,2,0,:4:0.5
2,0,1,1,0,2,1,2,0,:8:0
1,0,0,0,0,2,0,1,2,:6:0
1,0,0,0,2,2,1,1,2,:1:-0.5
0,0,0,0,0,2,1,0,0,:0:0.1
0,0,0,0,0,2,1,0,0,:1:0
0,0,0,0,0,2,1,0,0,:2:0.2628125
0,0,0,0,0,2,1,0,0,:3:0
0,0,0,0,0,2,1,0,0,:4:0
0,0,0,0,0,2,1,0,0,:7:0
0,0,0,0,0,2,1,0,0,:8:0
2,0,1,0,2,2,1,1,0,:1:-0.5
2,1,0,0,0,0,0,0,0,:2:0
2,1,1,0,0,2,0,0,0,:6:0
2,1,1,0,0,2,1,2,0,:3:0
2,1,1,0,0,2,1,2,0,:4:0.5
2,1,1,0,0,2,1,2,0,:8:0
0,0,0,0,1,0,0,2,0,:2:0
0,0,1,2,1,0,0,2,0,:0:0
0,0,1,2,1,0,0,2,0,:1:0
0,0,1,2,1,0,0,2,0,:5:0
0,0,1,2,1,0,0,2,0,:6:0
0,0,1,2,1,0,0,2,0,:8:0
0,1,1,2,1,0,2,2,0,:0:0.5
0,1,1,2,1,0,2,2,0,:5:0
0,1,1,2,1,0,2,2,0,:8:0
1,0,0,1,0,2,0,0,2,:2:0
1,0,1,1,2,2,0,0,2,:1:0.75
1,0,1,1,2,2,0,0,2,:6:0
1,0,1,1,2,2,0,0,2,:7:0
0,0,0,0,0,0,1,2,0,:8:0
0,0,0,2,0,0,1,2,1,:0:0
0,0,0,2,0,0,1,2,1,:1:0
0,0,0,2,0,0,1,2,1,:2:0
0,0,0,2,0,0,1,2,1,:4:0
0,0,0,2,0,0,1,2,1,:5:0
1,0,0,2,0,2,1,2,1,:1:-0.5
1,0,0,2,0,2,1,2,1,:2:0
1,0,0,2,0,2,1,2,1,:4:0
2,1,0,2,0,0,1,0,0,:8:0
2,1,2,2,0,0,1,0,1,:4:0
2,1,2,2,0,0,1,0,1,:5:0
2,1,2,2,0,0,1,0,1,:7:0
2,1,2,2,2,1,1,0,1,:7:0
2,0,0,0,0,0,1,0,0,:1:0.06
2,0,0,0,0,0,1,0,0,:2:0.2727539
2,0,0,0,0,0,1,0,0,:3:0
2,0,0,0,0,0,1,0,0,:4:0.175
2,0,0,0,0,0,1,0,0,:5:0
2,0,0,0,0,0,1,0,0,:7:0
2,0,0,0,0,0,1,0,0,:8:0
2,0,2,1,0,0,1,0,0,:1:0
2,0,2,1,0,0,1,0,0,:4:0
2,0,2,1,0,0,1,0,0,:5:-0.5
2,0,2,1,0,0,1,0,0,:7:0
2,0,2,1,0,0,1,0,0,:8:0
2,0,2,1,1,0,1,0,2,:1:0
2,0,2,1,1,0,1,0,2,:5:-0.75
2,0,2,1,1,0,1,0,2,:7:0
0,1,0,0,0,0,0,0,2,:0:0
0,1,0,0,0,0,0,0,2,:3:0
0,1,0,0,0,0,0,0,2,:4:0.08000001
0,1,0,0,0,0,0,0,2,:5:0
0,1,0,0,0,0,0,0,2,:6:0
0,1,0,0,0,0,0,0,2,:7:0
1,1,0,0,0,2,0,0,2,:3:0
1,1,0,1,0,2,2,0,2,:4:-0.75
0,0,1,2,0,0,0,0,0,:0:0
0,0,1,2,0,0,0,0,0,:1:0
0,0,1,2,0,0,0,0,0,:4:0
0,0,1,2,0,0,0,0,0,:5:0
0,0,1,2,0,0,0,0,0,:6:0.4625
0,0,1,2,0,0,0,0,0,:7:0
0,0,1,2,0,0,0,0,0,:8:0
1,0,1,2,0,0,0,2,0,:1:0.5
1,0,1,2,0,0,0,2,0,:4:0
1,0,1,2,0,0,0,2,0,:5:0
1,0,1,2,0,0,0,2,0,:6:0
1,0,1,2,0,0,0,2,0,:8:0
0,1,0,2,0,2,0,1,0,:0:0
0,1,0,2,0,2,0,1,0,:2:0
0,1,0,2,0,2,0,1,0,:4:0
0,1,0,2,0,2,0,1,0,:6:0
0,1,0,2,0,2,0,1,0,:8:0
1,1,0,2,0,2,2,1,0,:2:0.875
1,1,0,2,0,2,2,1,0,:4:0
1,1,0,2,0,2,2,1,0,:8:0
0,2,0,2,0,1,1,0,0,:2:0
0,2,1,2,0,1,1,0,2,:0:0
0,2,1,2,0,1,1,0,2,:4:0
0,2,1,2,0,1,1,0,2,:7:0
1,2,1,2,2,1,1,0,2,:7:0
1,0,0,0,0,0,2,0,0,:1:0.055
1,0,0,0,0,0,2,0,0,:2:0
1,0,0,0,0,0,2,0,0,:3:0
1,0,0,0,0,0,2,0,0,:4:0
1,0,0,0,0,0,2,0,0,:5:0
1,0,0,0,0,0,2,0,0,:7:0
1,0,0,0,0,0,2,0,0,:8:0
1,0,1,2,0,0,2,0,0,:1:0
1,0,1,2,0,0,2,0,0,:4:0
1,0,1,2,0,0,2,0,0,:5:0
1,0,1,2,0,0,2,0,0,:7:0
1,0,1,2,0,0,2,0,0,:8:0
1,0,1,2,0,2,2,1,0,:1:0
1,0,1,2,0,2,2,1,0,:4:0
1,0,1,2,0,2,2,1,0,:8:0
0,0,0,0,1,0,0,2,0,:0:0
0,0,0,0,1,0,0,2,0,:1:0
0,0,0,0,1,0,0,2,0,:3:0
0,0,0,0,1,0,0,2,0,:5:0
0,0,0,0,1,0,0,2,0,:6:0
0,0,0,0,1,0,0,2,0,:8:0
0,0,2,0,1,1,0,2,0,:0:0
0,0,2,0,1,1,0,2,0,:1:0
0,0,2,0,1,1,0,2,0,:3:0.9375
0,0,2,0,1,1,0,2,0,:6:0
0,0,2,0,1,1,0,2,0,:8:0
0,2,0,0,0,0,0,0,1,:0:0
0,2,0,0,0,0,0,0,1,:2:0
0,2,0,0,0,0,0,0,1,:3:0
0,2,0,0,0,0,0,0,1,:4:0
0,2,0,0,0,0,0,0,1,:5:0
0,2,0,0,0,0,0,0,1,:6:0
0,2,0,0,0,0,0,0,1,:7:0
0,2,2,0,0,0,1,0,1,:0:0
0,2,2,0,0,0,1,0,1,:3:0.2
0,2,2,0,0,0,1,0,1,:4:0
0,2,2,0,0,0,1,0,1,:5:0
0,2,2,0,0,0,1,0,1,:7:0
1,2,2,2,0,0,1,0,1,:4:0.5
1,2,2,2,0,0,1,0,1,:5:0
1,2,2,2,0,0,1,0,1,:7:0
0,0,1,0,0,2,0,0,0,:4:0
0,0,1,0,1,2,2,0,0,:0:0
0,0,1,0,1,2,2,0,0,:1:0
0,0,1,0,1,2,2,0,0,:3:0
0,0,1,0,1,2,2,0,0,:7:0
0,0,1,0,1,2,2,0,0,:8:0
1,0,1,0,1,2,2,2,0,:8:0.75
0,2,1,0,2,0,1,0,0,:0:-0.025
1,2,1,0,2,0,1,0,2,:3:0.75
0,0,1,0,0,0,0,2,0,:0:0
0,0,1,0,0,0,0,2,0,:3:0
0,0,1,0,0,0,0,2,0,:4:0
0,0,1,0,0,0,0,2,0,:5:0
0,0,1,0,0,0,0,2,0,:6:0
0,0,1,0,0,0,0,2,0,:8:0
0,0,1,1,0,0,2,2,0,:0:-0.5
0,0,0,0,2,0,0,1,0,:0:0
0,0,0,0,2,0,0,1,0,:1:0
0,0,0,0,2,0,0,1,0,:2:0
0,0,0,0,2,0,0,1,0,:3:0
0,0,0,0,2,0,0,1,0,:5:0
0,0,0,0,2,0,0,1,0,:6:0
0,0,0,0,2,0,0,1,0,:8:0
0,2,1,0,2,0,0,1,0,:3:0
0,2,1,1,2,0,2,1,0,:0:0
0,2,1,1,2,0,2,1,0,:5:0
0,2,1,1,2,0,2,1,0,:8:0
0,2,1,1,2,1,2,1,2,:0:0
0,2,0,0,0,1,0,0,0,:0:0
0,2,0,0,0,1,0,0,0,:2:0
0,2,0,0,0,1,0,0,0,:3:0.1085938
0,2,0,0,0,1,0,0,0,:4:0
0,2,0,0,0,1,0,0,0,:6:0
0,2,0,0,0,1,0,0,0,:7:0
0,2,0,0,0,1,0,0,0,:8:0
0,2,0,0,0,1,1,0,2,:2:0
2,0,0,0,1,0,1,0,2,:2:0.9375
0,2,1,2,1,0,0,0,0,:7:0
2,2,1,2,1,0,0,1,0,:8:0
2,2,1,2,1,2,0,1,1,:6:0
1,0,2,1,0,0,0,2,0,:4:0
1,0,2,1,1,0,2,2,0,:5:0.5
0,0,0,1,2,0,0,1,2,:0:0
0,0,0,1,2,0,0,1,2,:1:0
0,0,0,1,2,0,0,1,2,:2:0
0,0,0,1,2,0,0,1,2,:5:0
0,0,0,1,2,0,0,1,2,:6:0
1,0,2,1,2,0,0,1,2,:1:-0.5
0,0,0,1,2,0,0,0,0,:0:0
0,0,0,1,2,0,0,0,0,:1:0
0,0,0,1,2,0,0,0,0,:2:0
0,0,0,1,2,0,0,0,0,:5:0
0,0,0,1,2,0,0,0,0,:6:0
0,0,0,1,2,0,0,0,0,:7:0
0,0,0,1,2,0,0,0,0,:8:0
0,1,2,1,2,0,0,0,0,:0:0.1
0,1,2,1,2,0,0,0,0,:5:0
0,1,2,1,2,0,0,0,0,:6:0
0,1,2,1,2,0,0,0,0,:7:0
0,1,2,1,2,0,0,0,0,:8:0
1,1,2,1,2,0,0,0,2,:6:0.75
1,2,0,0,0,2,0,0,1,:2:0
1,2,0,0,0,2,0,0,1,:3:0
1,2,0,0,0,2,0,0,1,:4:0
1,2,0,0,0,2,0,0,1,:6:0
1,2,0,0,0,2,0,0,1,:7:0
1,2,1,0,0,2,2,0,1,:3:0
1,2,1,0,0,2,2,0,1,:4:0
1,2,1,0,0,2,2,0,1,:7:0
1,2,1,1,2,2,2,0,1,:7:0
0,1,0,0,0,0,2,0,0,:0:0
0,1,0,0,0,0,2,0,0,:2:0
0,1,0,0,0,0,2,0,0,:3:0
0,1,0,0,0,0,2,0,0,:4:0
0,1,0,0,0,0,2,0,0,:5:0
0,1,0,0,0,0,2,0,0,:7:0
0,1,0,0,0,0,2,0,0,:8:0
2,1,0,0,0,1,2,0,0,:2:0
2,1,1,0,2,1,2,0,0,:7:-0.75
0,1,2,0,0,0,0,0,0,:0:0
0,1,2,0,0,0,0,0,0,:3:0.08000001
0,1,2,0,0,0,0,0,0,:4:0
0,1,2,0,0,0,0,0,0,:5:0
0,1,2,0,0,0,0,0,0,:6:0
0,1,2,0,0,0,0,0,0,:7:0
0,1,2,0,0,0,0,0,0,:8:0
0,1,2,1,0,0,2,0,0,:0:0
0,1,2,1,0,0,2,0,0,:4:0
0,1,2,1,0,0,2,0,0,:5:0
0,1,2,1,0,0,2,0,0,:7:0
0,1,2,1,0,0,2,0,0,:8:0
2,1,2,1,0,1,2,0,0,:4:0
2,1,2,1,0,1,2,0,0,:7:-0.75
2,1,2,1,0,1,2,0,0,:8:-0.5
0,0,0,0,1,2,0,0,0,:0:0
0,0,0,0,1,2,0,0,0,:1:0
0,0,0,0,1,2,0,0,0,:2:0
0,0,0,0,1,2,0,0,0,:3:0
0,0,0,0,1,2,0,0,0,:6:0
0,0,0,0,1,2,0,0,0,:7:0
0,0,0,0,1,2,0,0,0,:8:0
2,0,0,0,1,2,0,1,0,:8:0
2,0,0,2,1,2,0,1,1,:1:0
2,0,0,2,1,2,0,1,1,:2:-0.5
2,0,0,2,1,2,0,1,1,:6:0
0,0,2,0,0,1,0,0,0,:7:0
0,2,2,0,0,1,0,1,0,:0:0
0,2,2,0,0,1,0,1,0,:3:0
0,2,2,0,0,1,0,1,0,:4:0
0,2,2,0,0,1,0,1,0,:6:0
0,2,2,0,0,1,0,1,0,:8:0
1,2,2,0,0,1,2,1,0,:3:-0.25
1,2,2,0,0,1,2,1,0,:4:0
1,2,2,0,0,1,2,1,0,:8:0
1,2,0,2,0,1,0,0,0,:2:0
1,2,0,2,0,1,0,0,0,:4:0
1,2,0,2,0,1,0,0,0,:6:0
1,2,0,2,0,1,0,0,0,:7:0
1,2,0,2,0,1,0,0,0,:8:0
1,2,0,2,1,1,2,0,0,:2:0
1,2,0,2,1,1,2,0,0,:7:0
1,2,0,2,1,1,2,0,0,:8:0
1,2,1,2,1,1,2,2,0,:8:0
0,0,2,0,0,0,1,0,0,:7:0
0,0,2,2,0,0,1,1,0,:0:0
1,2,2,2,0,0,1,1,0,:4:0
1,2,2,2,0,0,1,1,0,:5:0
1,2,2,2,0,0,1,1,0,:8:0.5
1,2,2,2,2,1,1,1,0,:8:0
1,0,0,1,0,0,0,2,2,:4:0
1,0,2,1,1,0,0,2,2,:1:0
1,0,2,1,1,0,0,2,2,:5:0.5
1,0,2,1,1,0,0,2,2,:6:0
0,2,0,0,1,0,0,0,0,:0:0
0,2,0,0,1,0,0,0,0,:2:0
0,2,0,0,1,0,0,0,0,:3:0
0,2,0,0,1,0,0,0,0,:5:0
0,2,0,0,1,0,0,0,0,:6:0
0,2,0,0,1,0,0,0,0,:8:0
0,2,0,2,1,0,1,0,0,:0:0
0,2,0,2,1,0,1,0,0,:2:0.875
0,2,0,2,1,0,1,0,0,:5:0
0,2,0,2,1,0,1,0,0,:7:0
0,2,0,2,1,0,1,0,0,:8:0
1,2,2,2,1,0,1,0,0,:5:0
1,2,2,2,1,0,1,0,0,:7:0
1,2,2,2,1,0,1,0,0,:8:0
1,2,2,2,1,0,1,1,2,:5:0
1,0,0,1,0,2,0,0,2,:1:0
1,0,0,1,0,2,0,0,2,:4:0
1,0,0,1,0,2,0,0,2,:6:0
1,0,0,1,0,2,0,0,2,:7:0
1,0,0,1,1,2,2,0,2,:1:-0.5
1,0,0,1,1,2,2,0,2,:2:0
1,0,0,1,1,2,2,0,2,:7:0
1,2,1,1,1,2,2,0,2,:7:0
0,1,0,0,0,0,0,2,0,:0:0
0,1,0,0,0,0,0,2,0,:3:0
0,1,0,0,0,0,0,2,0,:4:0
0,1,0,0,0,0,0,2,0,:5:0
0,1,0,0,0,0,0,2,0,:6:0
0,1,0,0,0,0,0,2,0,:8:0
2,1,0,2,1,1,0,2,0,:2:0
2,1,0,2,1,1,0,2,0,:6:0
2,1,0,2,1,1,0,2,0,:8:0
2,1,1,2,1,1,0,2,2,:6:0
0,0,0,0,0,0,2,0,1,:1:0
0,1,2,0,0,0,2,0,1,:4:0
2,1,2,0,1,0,2,0,1,:3:0
2,1,2,0,1,0,2,0,1,:5:0
2,1,2,0,1,0,2,0,1,:7:0
2,1,2,0,1,1,2,2,1,:3:0
0,0,2,1,0,0,0,0,0,:0:0.08000001
0,0,2,1,0,0,0,0,0,:1:0
0,0,2,1,0,0,0,0,0,:4:0
0,0,2,1,0,0,0,0,0,:5:0
0,0,2,1,0,0,0,0,0,:6:0
0,0,2,1,0,0,0,0,0,:7:0
0,0,2,1,0,0,0,0,0,:8:0
1,1,2,1,0,2,2,0,0,:4:-0.5
1,1,2,1,0,2,2,0,0,:7:-0.5
1,1,2,1,0,2,2,0,0,:8:0
2,0,1,2,0,0,1,0,0,:4:0.96875
1,0,0,1,2,0,2,0,0,:7:0
1,0,0,1,2,0,2,1,2,:1:0
1,1,0,1,2,2,2,1,2,:2:0
0,0,0,0,1,0,2,0,0,:3:0
0,0,0,1,1,0,2,0,2,:1:0
2,1,0,1,1,0,2,0,2,:2:0
2,1,0,1,1,0,2,0,2,:5:0
2,1,0,1,1,0,2,0,2,:7:0
2,1,1,1,1,2,2,0,2,:7:0
0,1,0,0,0,2,0,0,0,:3:0
0,1,0,1,0,2,0,2,0,:0:0
0,1,0,1,0,2,0,2,0,:2:0
0,1,0,1,0,2,0,2,0,:4:0
0,1,0,1,0,2,0,2,0,:6:0
0,1,0,1,0,2,0,2,0,:8:0
0,1,0,1,0,2,1,2,2,:4:0
2,1,0,1,1,2,1,2,2,:2:0
2,0,0,0,1,0,0,0,0,:2:0
2,2,1,0,1,0,0,0,0,:5:0
2,2,1,0,1,1,0,0,2,:7:0
2,2,1,2,1,1,0,1,2,:6:0
0,0,1,0,0,0,2,0,0,:0:0
0,0,1,0,0,0,2,0,0,:1:0
0,0,1,0,0,0,2,0,0,:3:0
0,0,1,0,0,0,2,0,0,:4:0
0,0,1,0,0,0,2,0,0,:5:0
0,0,1,0,0,0,2,0,0,:7:0
0,0,1,0,0,0,2,0,0,:8:0
0,0,1,0,1,0,2,2,0,:8:0
2,0,1,0,1,0,2,2,1,:1:-0.5
2,0,1,0,1,0,2,2,1,:3:0
2,0,1,0,1,0,2,2,1,:5:0
0,0,2,0,0,0,0,1,0,:6:0
0,0,2,0,2,0,1,1,0,:0:0
0,0,2,0,2,0,1,1,0,:1:0
0,0,2,0,2,0,1,1,0,:3:0
0,0,2,0,2,0,1,1,0,:5:0
0,0,2,0,2,0,1,1,0,:8:0
1,0,2,2,2,0,1,1,0,:1:0
1,1,2,2,2,0,1,1,2,:5:0
0,0,0,0,0,0,1,0,2,:3:0
0,0,0,1,0,2,1,0,2,:0:0
0,0,0,1,0,2,1,0,2,:1:0
0,0,0,1,0,2,1,0,2,:2:0
0,0,0,1,0,2,1,0,2,:4:0
0,0,0,1,0,2,1,0,2,:7:0
0,2,0,1,1,2,1,0,2,:2:0.5
0,0,1,2,1,0,0,0,2,:0:0
0,0,1,2,1,0,0,0,2,:1:0
0,0,1,2,1,0,0,0,2,:5:0
0,0,1,2,1,0,0,0,2,:6:0
0,0,1,2,1,0,0,0,2,:7:0
0,0,1,2,1,1,0,2,2,:1:-0.5
0,0,2,0,0,1,0,0,0,:0:0
0,0,2,0,0,1,0,0,0,:1:0
0,0,2,0,0,1,0,0,0,:3:0
0,0,2,0,0,1,0,0,0,:4:0.45
0,0,2,0,0,1,0,0,0,:8:0
0,0,2,1,2,1,0,0,0,:0:0
1,0,2,1,2,1,0,0,2,:1:0
1,0,2,1,2,1,0,0,2,:6:0
1,0,2,1,2,1,0,0,2,:7:0
1,1,2,1,2,1,0,2,2,:6:0
0,1,2,0,1,0,2,0,0,:0:0
0,1,2,0,1,0,2,0,0,:3:0
0,1,2,0,1,0,2,0,0,:5:0
0,1,2,0,1,0,2,0,0,:7:0.5
0,1,2,0,1,0,2,0,0,:8:0
1,1,2,0,1,2,2,0,0,:8:0.5
2,0,0,1,0,0,0,0,0,:2:0
2,0,1,1,0,0,2,0,0,:4:0
2,2,1,1,1,0,2,0,0,:5:0.5
2,2,1,1,1,0,2,0,0,:7:0
2,2,1,1,1,0,2,0,0,:8:0
1,2,0,0,0,1,0,0,2,:2:0
1,2,0,0,0,1,0,0,2,:3:0
1,2,0,0,0,1,0,0,2,:4:0
1,2,0,0,0,1,0,0,2,:6:0
1,2,0,0,0,1,0,0,2,:7:0
1,2,0,0,0,1,1,2,2,:2:0
0,0,1,0,1,0,2,2,0,:5:0
2,0,1,0,1,1,2,2,0,:8:-0.5
0,0,0,0,0,1,0,2,0,:0:0
0,0,0,0,0,1,0,2,0,:1:0
0,0,0,0,0,1,0,2,0,:2:0
0,0,0,0,0,1,0,2,0,:3:0
0,0,0,0,0,1,0,2,0,:4:0
0,0,0,0,0,1,0,2,0,:6:0.08000001
0,0,0,0,0,1,0,2,0,:8:0
2,1,0,0,0,1,0,2,0,:2:0
2,1,0,0,0,1,0,2,0,:3:0.2
2,1,0,0,0,1,0,2,0,:4:0
2,1,0,0,0,1,0,2,0,:6:0
2,1,0,0,0,1,0,2,0,:8:0
2,1,2,1,0,1,0,2,0,:4:0.75
0,0,0,0,0,0,1,2,0,:0:0.075
0,0,0,0,0,0,1,2,0,:1:0.0053125
0,0,0,0,0,0,1,2,0,:3:0
0,0,0,0,0,0,1,2,0,:4:0.1
0,0,0,0,0,0,1,2,0,:5:0
0,0,1,2,0,0,1,2,0,:5:0
2,0,1,2,0,1,1,2,0,:1:0
2,0,1,2,0,1,1,2,0,:4:0
2,0,1,2,0,1,1,2,0,:8:0
2,1,1,2,0,1,1,2,2,:4:0
2,0,0,1,0,0,0,0,0,:1:0
2,0,0,1,0,0,0,0,0,:4:0
2,0,0,1,0,0,0,0,0,:6:0
2,0,0,1,0,0,0,0,0,:7:0
2,0,0,1,0,0,0,0,0,:8:0
2,0,0,1,2,0,1,0,0,:1:0
2,0,0,1,2,0,1,0,0,:2:-0.5
2,0,0,1,2,0,1,0,0,:5:0
2,0,0,1,2,0,1,0,0,:7:0
2,0,0,1,2,0,1,0,0,:8:0
2,2,0,1,2,0,1,1,0,:5:-0.75
0,2,0,1,1,2,0,0,0,:0:0
0,2,0,1,1,2,0,0,0,:2:0
0,2,0,1,1,2,0,0,0,:6:0
0,2,0,1,1,2,0,0,0,:7:0
0,2,0,1,1,2,0,0,0,:8:0
0,2,1,1,1,2,0,2,0,:0:0
0,2,1,1,1,2,0,2,0,:6:0
0,2,1,1,1,2,0,2,0,:8:0
1,2,1,1,1,2,2,2,0,:8:0
1,0,0,0,0,2,0,0,0,:1:0
1,0,0,0,0,2,0,0,0,:2:0
1,0,0,0,0,2,0,0,0,:3:0.08000001
1,0,0,0,0,2,0,0,0,:4:0.08000001
1,0,0,0,0,2,0,0,0,:6:0
1,0,0,0,0,2,0,0,0,:7:0
1,0,0,0,0,2,0,0,0,:8:0
1,0,1,0,0,2,2,0,0,:7:0
1,2,1,0,0,2,2,1,0,:4:0
1,2,1,0,1,2,2,1,2,:3:0
0,0,0,1,0,0,2,1,2,:0:0
0,0,0,1,0,0,2,1,2,:1:0
0,0,0,1,0,0,2,1,2,:2:0
0,0,0,1,0,0,2,1,2,:4:0
0,0,0,1,0,0,2,1,2,:5:0
0,2,0,1,1,0,2,1,2,:0:0
1,2,0,1,1,2,2,1,2,:2:0
2,0,0,0,0,0,0,0,1,:4:0
2,0,0,0,1,0,2,0,1,:2:0
2,2,1,0,1,0,2,0,1,:3:0
2,2,1,0,1,0,2,0,1,:5:0.5
2,2,1,0,1,0,2,0,1,:7:0
2,2,1,1,1,2,2,0,1,:7:0
2,1,0,0,0,0,0,0,0,:3:0
2,1,0,0,0,0,0,0,0,:4:0
2,1,0,0,0,0,0,0,0,:5:0
2,1,0,0,0,0,0,0,0,:6:0
2,1,0,0,0,0,0,0,0,:7:0
2,1,0,0,0,0,0,0,0,:8:0
2,1,0,0,1,0,0,2,0,:2:0
2,1,0,0,1,0,0,2,0,:3:0
2,1,0,0,1,0,0,2,0,:5:0
2,1,0,0,1,0,0,2,0,:6:0
2,1,0,0,1,0,0,2,0,:8:0
0,0,0,0,0,1,0,0,2,:0:0
0,0,0,0,0,1,0,0,2,:1:0
0,0,0,0,0,1,0,0,2,:2:0
0,0,0,0,0,1,0,0,2,:3:0
0,0,0,0,0,1,0,0,2,:4:0
0,0,0,0,0,1,0,0,2,:6:0
0,0,0,0,0,1,0,0,2,:7:0
1,0,0,0,2,1,0,0,2,:1:0
1,0,0,0,2,1,0,0,2,:2:0
1,0,0,0,2,1,0,0,2,:3:0
1,0,0,0,2,1,0,0,2,:6:0
1,0,0,0,2,1,0,0,2,:7:0
1,2,0,0,2,1,1,0,2,:2:-0.5
0,0,0,1,0,0,2,0,0,:0:0
0,0,0,1,0,0,2,0,0,:1:0
0,0,0,1,0,0,2,0,0,:2:0
0,0,0,1,0,0,2,0,0,:4:0
0,0,0,1,0,0,2,0,0,:5:0
0,0,0,1,0,0,2,0,0,:7:0
0,0,0,1,0,0,2,0,0,:8:0
2,0,0,1,0,1,2,0,0,:4:0.875
0,1,0,0,2,0,0,0,0,:0:0
0,1,0,0,2,0,0,0,0,:2:0.1
0,1,0,0,2,0,0,0,0,:3:0.000625
0,1,0,0,2,0,0,0,0,:5:0
0,1,0,0,2,0,0,0,0,:6:0
0,1,0,0,2,0,0,0,0,:7:0
0,1,0,2,2,1,0,0,0,:0:0
0,1,0,2,2,1,0,0,0,:2:0
0,1,0,2,2,1,0,0,0,:6:0
0,1,0,2,2,1,0,0,0,:7:0
0,1,0,2,2,1,0,0,0,:8:0
0,1,0,2,2,1,1,2,0,:0:0
0,1,0,2,2,1,1,2,0,:2:0
0,1,0,2,2,1,1,2,0,:8:0
1,1,0,2,2,1,1,2,2,:2:0
1,1,0,0,0,0,2,2,0,:5:0.2
2,0,2,1,2,1,1,0,0,:1:0
2,0,2,1,2,1,1,0,0,:7:-0.5
2,0,2,1,2,1,1,0,0,:8:0
2,0,0,1,0,0,2,1,0,:8:0
2,0,0,1,0,2,2,1,1,:1:0
2,0,0,1,0,2,2,1,1,:2:0
2,0,0,1,0,2,2,1,1,:4:0
2,2,1,1,0,2,2,1,1,:4:0
0,0,0,0,1,0,0,0,2,:5:0
2,0,0,0,1,1,0,0,2,:1:0
2,0,0,0,1,1,0,0,2,:2:0
2,0,0,0,1,1,0,0,2,:3:0.75
2,0,0,0,1,1,0,0,2,:6:0
2,0,0,0,1,1,0,0,2,:7:0
2,0,1,0,1,1,2,0,2,:1:-0.5
2,0,1,0,1,1,2,0,2,:3:0
2,0,1,0,1,1,2,0,2,:7:0
2,0,1,0,0,0,1,2,0,:1:0
2,0,1,0,0,0,1,2,0,:3:0
2,0,1,0,0,0,1,2,0,:4:0.875
2,0,1,0,0,0,1,2,0,:5:0
2,0,1,0,0,0,1,2,0,:8:0
0,0,0,1,0,0,0,2,0,:0:0
0,0,0,1,0,0,0,2,0,:1:0
0,0,0,1,0,0,0,2,0,:2:0
0,0,0,1,0,0,0,2,0,:4:0
0,0,0,1,0,0,0,2,0,:5:0
0,0,0,1,0,0,0,2,0,:6:0
0,0,0,1,0,0,0,2,0,:8:0
0,1,0,1,0,0,2,2,0,:0:-0.125
1,1,2,1,0,0,2,2,0,:4:-0.5
1,1,2,1,0,0,2,2,0,:5:-0.5
1,1,2,1,0,0,2,2,0,:8:0
0,1,0,0,0,2,0,0,0,:0:0
0,1,0,0,0,2,0,0,0,:2:0
0,1,0,0,0,2,0,0,0,:4:0
0,1,0,0,0,2,0,0,0,:6:0
0,1,0,0,0,2,0,0,0,:7:0
0,1,0,0,0,2,0,0,0,:8:0
0,1,0,1,2,2,0,0,0,:8:0
0,1,2,1,2,2,0,0,1,:0:0
1,1,2,1,2,2,0,2,1,:6:0
1,0,0,1,0,2,0,2,0,:1:0
1,1,0,1,0,2,2,2,0,:2:0
1,1,0,1,0,2,2,2,0,:4:-0.5
1,1,0,1,0,2,2,2,0,:8:0
2,0,1,0,2,0,0,1,0,:1:0
2,0,1,0,2,0,0,1,0,:3:0
2,0,1,0,2,0,0,1,0,:5:-0.5
2,0,1,0,2,0,0,1,0,:6:0
2,0,1,0,2,0,0,1,0,:8:0
0,0,1,0,0,2,0,0,0,:3:0
0,2,1,1,0,2,0,0,0,:6:0
2,2,1,1,0,2,1,0,0,:4:0
2,2,1,1,0,2,1,0,0,:7:0
2,2,1,1,0,2,1,0,0,:8:0
2,2,1,1,0,2,1,1,2,:4:0
0,1,2,1,1,2,0,2,0,:6:-0.5
2,1,2,1,1,2,1,2,0,:8:0
0,0,0,2,0,1,1,2,0,:0:0
0,0,0,2,0,1,1,2,0,:1:0
0,0,0,2,0,1,1,2,0,:2:0
0,0,0,2,0,1,1,2,0,:4:0
0,0,0,2,0,1,1,2,0,:8:0
2,0,0,2,1,1,1,2,0,:1:0
2,0,0,2,1,1,1,2,0,:2:0.5
2,0,0,2,1,1,1,2,0,:8:0
0,1,2,0,2,0,0,1,0,:0:0
0,1,2,0,2,0,0,1,0,:3:0
0,1,2,0,2,0,0,1,0,:5:-0.5
0,1,2,0,2,0,0,1,0,:6:0
0,1,2,0,2,0,0,1,0,:8:0
2,0,0,0,0,1,0,0,0,:1:0
2,0,0,0,0,1,0,0,0,:2:0
2,0,0,0,0,1,0,0,0,:3:0
2,0,0,0,0,1,0,0,0,:4:0.2187805
2,0,0,0,0,1,0,0,0,:6:0
2,0,0,0,0,1,0,0,0,:7:0
2,0,0,0,0,1,0,0,0,:8:0
2,0,1,0,0,1,2,0,0,:1:0
2,0,1,0,0,1,2,0,0,:3:0
2,0,1,0,0,1,2,0,0,:4:0
2,0,1,0,0,1,2,0,0,:7:-0.1875
2,0,1,0,0,1,2,0,0,:8:0
2,1,1,0,0,0,0,0,2,:7:0
2,1,1,0,0,0,2,1,2,:5:-0.5
0,0,0,1,1,2,0,2,0,:0:0
0,0,0,1,1,2,0,2,0,:1:0
0,0,0,1,1,2,0,2,0,:2:0
0,0,0,1,1,2,0,2,0,:6:0
0,0,0,1,1,2,0,2,0,:8:0
0,0,1,1,1,2,0,2,2,:0:-0.5
0,0,1,1,1,2,0,2,2,:1:0
0,0,1,1,1,2,0,2,2,:6:0
2,1,1,1,1,2,0,2,2,:6:0
0,0,0,0,0,0,1,0,2,:0:0.3
0,0,0,0,0,0,1,0,2,:1:0
0,0,0,0,0,0,1,0,2,:2:0.2
0,0,0,0,0,0,1,0,2,:4:0.5896806
0,0,0,0,0,0,1,0,2,:5:0
0,0,0,0,0,0,1,0,2,:7:0
2,0,0,0,0,1,1,0,2,:1:0
2,0,0,0,0,1,1,0,2,:2:0
2,0,0,0,0,1,1,0,2,:3:0
2,0,0,0,0,1,1,0,2,:4:0
2,0,0,0,0,1,1,0,2,:7:0
2,1,0,0,0,1,1,2,2,:4:0
2,1,2,0,1,1,1,2,2,:3:0
0,2,0,1,0,2,1,0,0,:0:0
0,2,0,1,0,2,1,0,0,:2:0
0,2,0,1,0,2,1,0,0,:4:0
0,2,0,1,0,2,1,0,0,:7:0
0,2,0,1,0,2,1,0,0,:8:0
0,2,0,1,1,2,1,2,0,:0:0
0,2,0,1,1,2,1,2,0,:2:0.5
0,2,0,1,1,2,1,2,0,:8:0
1,0,0,2,2,0,1,0,0,:1:-0.5
1,0,0,2,2,0,1,0,0,:2:0
1,0,0,2,2,0,1,0,0,:5:0
1,0,0,2,2,0,1,0,0,:7:0
1,0,0,2,2,0,1,0,0,:8:0
1,0,0,2,2,1,1,2,0,:1:0
1,1,2,2,2,1,1,2,0,:8:0
2,0,0,1,0,2,0,1,0,:8:0
2,0,1,1,2,2,2,1,1,:1:0
2,0,1,2,0,0,0,0,1,:1:0
2,1,1,2,0,0,0,2,1,:5:0.5
0,0,0,0,2,0,2,1,1,:0:0
0,0,0,0,2,0,2,1,1,:1:0
0,0,0,0,2,0,2,1,1,:2:0
0,0,0,0,2,0,2,1,1,:3:0
0,0,0,0,2,0,2,1,1,:5:0
0,1,0,0,2,2,2,1,1,:0:0
0,1,0,0,2,2,2,1,1,:2:-0.5
0,1,0,0,2,2,2,1,1,:3:0
2,0,0,0,0,0,0,1,0,:2:0
2,0,0,0,0,0,0,1,0,:3:0
2,0,0,0,0,0,0,1,0,:4:0
2,0,0,0,0,0,0,1,0,:5:0
2,0,0,0,0,0,0,1,0,:6:0
2,0,0,0,0,0,0,1,0,:8:0
2,0,0,0,0,1,0,1,2,:1:0
2,0,0,0,0,1,0,1,2,:2:0
2,0,0,0,0,1,0,1,2,:3:0
2,0,0,0,0,1,0,1,2,:4:0
2,0,0,0,0,1,0,1,2,:6:0
2,2,1,0,0,1,0,1,2,:3:0
2,2,1,1,0,1,2,1,2,:4:0
0,0,0,0,1,0,2,0,0,:0:0
0,0,0,0,1,0,2,0,0,:1:0
0,0,0,0,1,0,2,0,0,:2:0
0,0,0,0,1,0,2,0,0,:5:0
0,0,0,0,1,0,2,0,0,:7:0
0,0,0,0,1,0,2,0,0,:8:0
0,1,0,0,1,2,2,0,0,:0:0
0,1,0,0,1,2,2,0,0,:2:0
0,1,0,0,1,2,2,0,0,:3:0
0,1,0,0,1,2,2,0,0,:7:0
0,1,0,0,1,2,2,0,0,:8:0
2,1,0,1,1,2,2,0,0,:2:0
2,1,0,1,1,2,2,0,0,:7:0.5
2,1,0,1,1,2,2,0,0,:8:0
0,0,0,2,1,2,0,0,1,:0:0
0,0,0,2,1,2,0,0,1,:1:0
0,0,0,2,1,2,0,0,1,:2:0
0,0,0,2,1,2,0,0,1,:6:0
0,0,0,2,1,2,0,0,1,:7:0
0,0,1,2,1,2,0,2,1,:0:0
0,0,1,2,1,2,0,2,1,:1:0
0,0,1,2,1,2,0,2,1,:6:0
2,1,1,2,1,2,0,2,1,:6:0
1,0,0,0,0,2,1,2,0,:1:0
1,0,0,0,0,2,1,2,0,:2:0
1,0,0,0,0,2,1,2,0,:3:0.875
1,0,0,0,0,2,1,2,0,:4:0
1,0,0,0,0,2,1,2,0,:8:0
1,1,0,2,0,2,1,2,0,:8:0
1,1,2,2,0,2,1,2,1,:4:0
0,0,1,0,0,0,1,2,2,:1:0
2,1,1,0,0,0,1,2,2,:3:0
2,1,1,0,0,0,1,2,2,:4:0.5
2,1,1,0,0,0,1,2,2,:5:0
2,1,1,1,0,2,1,2,2,:4:0
0,0,0,0,0,1,2,2,1,:3:0
0,2,0,1,0,1,2,2,1,:0:0
0,2,0,1,0,1,2,2,1,:2:-0.5
0,2,0,1,0,1,2,2,1,:4:0
0,0,0,2,0,0,0,1,0,:5:0
0,0,0,2,0,1,0,1,2,:0:0
0,0,0,2,0,1,0,1,2,:1:0
0,0,0,2,0,1,0,1,2,:2:0
0,0,0,2,0,1,0,1,2,:4:0
0,0,0,2,0,1,0,1,2,:6:0
2,0,0,2,1,1,0,1,2,:1:0
2,0,0,2,1,1,0,1,2,:2:-0.5
2,0,0,2,1,1,0,1,2,:6:0
0,0,0,2,2,1,0,1,0,:1:0
0,1,0,2,2,1,0,1,2,:6:0
0,1,2,2,2,1,1,1,2,:0:0
0,1,0,0,0,1,2,0,2,:2:0
2,1,1,0,0,1,2,0,2,:3:-0.75
2,1,1,0,0,1,2,0,2,:4:0
2,1,1,0,0,1,2,0,2,:7:-0.5
1,2,0,0,1,0,2,0,0,:2:0
1,2,0,0,1,0,2,0,0,:3:0
1,2,0,0,1,0,2,0,0,:5:0
1,2,0,0,1,0,2,0,0,:7:0
1,2,0,0,1,0,2,0,0,:8:0
1,2,0,1,1,0,2,2,0,:2:0
1,2,0,1,1,0,2,2,0,:5:0.5
1,2,0,1,1,0,2,2,0,:8:0
1,2,0,1,0,0,2,0,0,:2:0
1,2,1,1,0,0,2,0,2,:5:0
1,2,1,1,2,1,2,0,2,:7:0
1,1,0,0,2,2,0,0,0,:2:0
1,1,0,0,2,2,0,0,0,:3:0
1,1,0,0,2,2,0,0,0,:6:0
1,1,0,0,2,2,0,0,0,:7:0
1,1,0,0,2,2,0,0,0,:8:0
1,1,0,0,2,2,0,1,2,:2:0
1,1,0,0,2,2,0,1,2,:3:0
1,1,0,0,2,2,0,1,2,:6:0
2,0,0,0,1,0,0,0,0,:8:0
2,0,0,0,1,0,2,0,1,:1:0
2,0,0,0,1,0,2,0,1,:3:0
2,0,0,0,1,0,2,0,1,:5:0
2,0,0,0,1,0,2,0,1,:7:0
1,0,2,0,1,0,2,0,0,:1:0
1,0,2,0,1,0,2,0,0,:3:0
1,0,2,0,1,0,2,0,0,:5:0
1,0,2,0,1,0,2,0,0,:7:0
1,0,2,0,1,0,2,0,0,:8:0
1,0,2,1,1,2,2,0,0,:1:-0.25
1,0,2,1,1,2,2,0,0,:7:0
1,0,2,1,1,2,2,0,0,:8:0
0,0,1,1,2,0,0,0,2,:0:0
0,0,1,1,2,0,0,0,2,:1:0
0,0,1,1,2,0,0,0,2,:5:0
0,0,1,1,2,0,0,0,2,:6:0
0,0,1,1,2,0,0,0,2,:7:0
0,1,1,1,2,2,0,0,2,:0:0.5
0,1,1,1,2,2,0,0,2,:6:0
0,1,1,1,2,2,0,0,2,:7:0
1,1,2,0,0,0,2,0,0,:7:0
1,1,2,0,0,0,2,1,2,:3:0
1,1,2,0,0,0,2,1,2,:4:0.5
1,1,2,0,0,0,2,1,2,:5:0
2,1,0,0,0,0,2,0,1,:2:0
2,1,0,0,0,0,2,0,1,:3:0
2,1,0,0,0,0,2,0,1,:4:0
2,1,0,0,0,0,2,0,1,:5:0
2,1,0,0,0,0,2,0,1,:7:0
2,1,0,1,0,0,2,2,1,:4:0
2,1,2,1,1,0,2,2,1,:5:0
0,1,2,1,2,1,0,2,0,:8:0
2,1,2,1,2,1,0,2,1,:6:0
0,0,2,0,0,0,1,0,0,:0:0.3325745
0,0,2,0,0,0,1,0,0,:1:0
0,0,2,0,0,0,1,0,0,:3:0
0,0,2,0,0,0,1,0,0,:4:0
0,0,2,0,0,0,1,0,0,:5:0
0,0,2,0,0,0,1,0,0,:8:0.05
0,0,2,0,2,1,1,0,0,:3:0
0,0,2,1,2,1,1,2,0,:8:-0.5
1,2,0,1,1,2,2,0,0,:2:0
0,2,0,2,0,1,1,0,0,:7:0
0,2,0,2,2,1,1,1,0,:0:0
1,0,2,0,0,0,2,1,0,:3:0
1,0,2,1,0,0,2,1,2,:1:0
1,0,2,1,0,0,2,1,2,:4:0
1,0,2,1,0,0,2,1,2,:5:-0.5
1,2,2,1,1,0,2,1,2,:5:0
0,1,0,0,1,0,2,2,0,:0:0
0,1,0,0,1,0,2,2,0,:2:-0.5
0,1,0,0,1,0,2,2,0,:3:0
0,1,0,0,1,0,2,2,0,:5:0
0,1,0,0,1,0,2,2,0,:8:0
1,2,1,2,1,1,2,0,2,:7:0
1,2,2,2,0,1,0,1,0,:4:0
1,2,2,2,0,1,0,1,0,:6:0
1,2,2,2,0,1,0,1,0,:8:0
1,2,2,2,0,1,1,1,2,:4:0
1,0,0,1,2,0,0,2,0,:1:0
1,0,0,1,2,0,0,2,0,:2:0
1,0,0,1,2,0,0,2,0,:5:0
1,0,0,1,2,0,0,2,0,:6:0.5
1,0,0,1,2,0,0,2,0,:8:0
0,0,0,0,2,1,0,0,0,:0:0
0,0,0,0,2,1,0,0,0,:1:0
0,0,0,0,2,1,0,0,0,:2:0.03
0,0,0,0,2,1,0,0,0,:3:0
0,0,0,0,2,1,0,0,0,:6:0
0,0,0,0,2,1,0,0,0,:7:0
0,0,0,0,2,1,0,0,0,:8:0
1,2,0,0,2,1,0,0,0,:2:0
1,2,0,0,2,1,0,0,0,:3:0
1,2,0,0,2,1,0,0,0,:6:0
1,2,0,0,2,1,0,0,0,:7:0
1,2,0,0,2,1,0,0,0,:8:0
1,2,2,0,2,1,0,1,0,:6:0
0,1,0,2,0,0,0,0,0,:0:0.1
0,1,0,2,0,0,0,0,0,:2:0
0,1,0,2,0,0,0,0,0,:4:0
0,1,0,2,0,0,0,0,0,:5:0
0,1,0,2,0,0,0,0,0,:6:0
0,1,0,2,0,0,0,0,0,:7:0
0,1,0,2,0,0,0,0,0,:8:0.04
0,1,0,2,1,0,2,0,0,:0:0
1,1,0,2,1,2,2,0,0,:2:0.5
0,1,0,0,2,0,1,2,0,:0:0
0,1,0,0,2,0,1,2,0,:2:0.4
0,1,0,0,2,0,1,2,0,:3:0.2
0,1,0,0,2,0,1,2,0,:5:0
0,1,0,0,2,0,1,2,0,:8:0
0,1,1,0,2,2,1,2,0,:0:0.875
0,1,1,0,2,2,1,2,0,:3:0
0,1,1,0,2,2,1,2,0,:8:0
0,0,2,0,0,0,0,1,0,:0:0
0,0,2,0,0,0,0,1,0,:1:0
0,0,2,0,0,0,0,1,0,:3:0
0,0,2,0,0,0,0,1,0,:4:0
0,0,2,0,0,0,0,1,0,:5:0
0,0,2,0,0,0,0,1,0,:8:0
0,2,2,0,1,0,0,1,0,:0:0
0,2,2,0,1,0,0,1,0,:3:0
0,2,2,0,1,0,0,1,0,:5:0
0,2,2,0,1,0,0,1,0,:6:0
0,2,2,0,1,0,0,1,0,:8:0
0,2,2,1,1,0,0,1,2,:6:-0.5
1,0,0,0,1,2,0,2,0,:1:0
1,0,0,0,1,2,0,2,0,:2:0
1,0,0,0,1,2,0,2,0,:3:0
1,0,0,0,1,2,0,2,0,:6:0
1,0,0,0,1,2,0,2,0,:8:0
1,0,0,1,1,2,0,2,2,:2:0
1,2,1,1,1,2,0,2,2,:6:0
0,0,0,1,0,2,1,2,0,:0:0
0,0,0,1,0,2,1,2,0,:1:0
0,0,0,1,0,2,1,2,0,:2:0
0,0,0,1,0,2,1,2,0,:4:0
0,0,0,1,0,2,1,2,0,:8:0
0,1,2,1,0,2,1,2,0,:0:0.5
2,0,2,0,1,0,0,1,0,:6:0
2,0,2,0,1,2,1,1,0,:1:0.75
0,0,1,0,0,2,0,0,0,:0:0
0,0,1,0,0,2,0,0,0,:1:0
0,0,1,0,0,2,0,0,0,:6:0
0,0,1,0,0,2,0,0,0,:7:0
0,0,1,0,0,2,0,0,0,:8:0
1,2,1,0,0,2,0,0,0,:8:0
1,2,1,2,0,2,0,0,1,:4:0
1,2,1,2,0,2,0,0,1,:6:0
1,2,1,2,0,2,0,0,1,:7:0
1,2,1,2,0,2,1,2,1,:4:0
1,1,0,2,0,0,2,0,0,:2:0
1,1,0,2,0,0,2,0,0,:4:0
1,1,0,2,0,0,2,0,0,:5:0
1,1,0,2,0,0,2,0,0,:7:0.325
1,1,0,2,0,0,2,0,0,:8:0
2,0,0,1,2,0,0,1,0,:1:0
2,0,0,1,2,0,0,1,0,:2:0
2,0,0,1,2,0,0,1,0,:5:0
2,0,0,1,2,0,0,1,0,:6:0
2,0,0,1,2,0,0,1,0,:8:0
2,0,0,1,2,1,2,1,0,:1:0
2,0,0,1,2,1,2,1,0,:2:-0.5
2,0,0,1,2,1,2,1,0,:8:0
1,0,2,0,0,2,0,1,0,:1:0
1,0,2,0,0,2,0,1,0,:3:0
1,0,2,0,0,2,0,1,0,:4:-0.5
1,0,2,0,0,2,0,1,0,:6:-0.5
1,0,2,0,0,2,0,1,0,:8:0
1,0,2,0,2,0,1,0,0,:1:0
1,0,2,0,2,0,1,0,0,:3:0.9921875
1,0,2,0,2,0,1,0,0,:5:0
1,0,2,0,2,0,1,0,0,:7:0
1,0,2,0,2,0,1,0,0,:8:0
0,0,0,1,1,0,2,2,0,:0:0
0,0,0,1,1,0,2,2,0,:1:0
0,0,0,1,1,0,2,2,0,:2:0
0,0,0,1,1,0,2,2,0,:5:0.5
0,0,0,1,1,0,2,2,0,:8:0
0,0,2,1,1,2,0,0,0,:0:0
0,0,2,1,1,2,0,0,0,:1:0
0,0,2,1,1,2,0,0,0,:6:0
0,0,2,1,1,2,0,0,0,:7:0
0,0,2,1,1,2,0,0,0,:8:0
1,2,2,1,1,2,2,1,0,:8:0
2,1,0,0,0,0,2,1,0,:5:0
2,1,0,0,0,1,2,1,2,:4:-0.5
1,0,1,2,2,0,0,1,2,:6:-0.5
0,1,1,0,0,2,2,0,0,:0:0
0,1,1,0,0,2,2,0,0,:3:0
0,1,1,0,0,2,2,0,0,:4:0
0,1,1,0,0,2,2,0,0,:7:0
0,1,1,0,0,2,2,0,0,:8:0
0,1,1,1,0,2,2,0,2,:0:0
0,1,1,1,0,2,2,0,2,:4:-0.5
0,1,1,1,0,2,2,0,2,:7:0
0,2,1,1,0,0,0,2,0,:5:0
0,2,1,1,0,1,0,2,2,:6:-0.5
1,0,0,2,0,0,0,0,0,:6:0
1,2,0,2,2,1,1,0,0,:2:0
1,2,0,2,2,1,1,0,0,:7:0
1,2,0,2,2,1,1,0,0,:8:0
1,0,2,0,0,2,1,0,0,:1:0
1,0,2,0,0,2,1,0,0,:3:0.75
1,0,2,0,0,2,1,0,0,:4:0
1,0,2,0,0,2,1,0,0,:7:0
1,0,2,0,0,2,1,0,0,:8:0
0,0,2,1,2,0,0,1,0,:0:-0.5
0,0,2,1,2,0,0,1,0,:1:0
0,0,2,1,2,0,0,1,0,:5:0
0,0,2,1,2,0,0,1,0,:6:0
0,0,2,1,2,0,0,1,0,:8:0
2,0,1,0,1,2,2,1,0,:3:0
2,2,1,1,1,2,2,1,0,:8:0
2,2,1,0,0,1,1,0,2,:7:-0.5
0,0,2,0,1,0,1,2,0,:0:0
0,0,2,0,1,0,1,2,0,:1:0
0,0,2,0,1,0,1,2,0,:3:0
0,0,2,0,1,0,1,2,0,:5:0
0,0,2,0,1,0,1,2,0,:8:0
0,1,2,0,1,2,1,2,0,:0:0
0,1,2,0,1,2,1,2,0,:3:0
0,1,2,0,1,2,1,2,0,:8:0
2,2,0,1,0,1,0,0,0,:2:0
2,2,0,1,0,1,0,0,0,:4:0.90625
2,2,0,1,0,1,0,0,0,:6:0
2,2,0,1,0,1,0,0,0,:7:0
2,2,0,1,0,1,0,0,0,:8:0
2,2,0,1,0,1,2,1,0,:4:-0.5
0,0,0,0,0,0,2,0,1,:0:0
0,0,0,0,0,0,2,0,1,:2:0
0,0,0,0,0,0,2,0,1,:3:0
0,0,0,0,0,0,2,0,1,:4:0
0,0,0,0,0,0,2,0,1,:5:0
0,0,0,0,0,0,2,0,1,:7:0
0,2,0,1,0,0,2,0,1,:0:0
0,2,0,1,0,0,2,0,1,:2:0
0,2,0,1,0,0,2,0,1,:4:0
0,2,0,1,0,0,2,0,1,:5:0
0,2,0,1,0,0,2,0,1,:7:0
2,2,0,1,1,0,2,0,1,:2:0
0,0,0,0,0,0,2,1,0,:0:0
0,0,0,0,0,0,2,1,0,:1:0
0,0,0,0,0,0,2,1,0,:2:0
0,0,0,0,0,0,2,1,0,:3:0
0,0,0,0,0,0,2,1,0,:4:0
0,0,0,0,0,0,2,1,0,:5:0
0,0,0,0,0,0,2,1,0,:8:0
0,0,2,0,1,0,2,1,0,:0:0
0,0,2,0,1,0,2,1,0,:1:0
0,0,2,0,1,0,2,1,0,:3:0
0,0,2,0,1,0,2,1,0,:5:0
0,0,2,0,1,0,2,1,0,:8:0
0,2,2,1,1,0,2,1,0,:0:0
1,0,2,1,0,2,0,0,0,:1:0
1,0,2,1,0,2,0,0,0,:4:0
1,0,2,1,0,2,0,0,0,:6:0.5
1,0,2,1,0,2,0,0,0,:7:0
1,0,2,1,0,2,0,0,0,:8:0
2,0,0,2,0,0,0,1,1,:1:0
2,0,0,2,0,0,0,1,1,:2:0
2,0,0,2,0,0,0,1,1,:4:0
2,0,0,2,0,0,0,1,1,:5:0
2,0,0,2,0,0,0,1,1,:6:0
2,1,0,2,0,2,0,1,1,:2:-0.5
2,0,1,1,2,2,0,1,0,:1:0
2,0,1,1,2,2,0,1,0,:6:0
2,0,1,1,2,2,0,1,0,:8:0
2,2,1,1,2,2,1,1,0,:8:0
2,1,0,0,1,2,0,0,0,:2:0
2,1,1,0,1,2,0,0,2,:3:0
2,1,1,0,1,2,0,0,2,:6:0.5
2,1,1,0,1,2,0,0,2,:7:0
0,0,0,2,0,0,0,1,0,:0:0
1,0,2,2,0,0,0,1,0,:1:0
1,0,2,2,0,0,0,1,0,:4:0
1,0,2,2,0,0,0,1,0,:5:0
1,0,2,2,0,0,0,1,0,:6:0
1,0,2,2,0,0,0,1,0,:8:0
1,0,2,2,0,1,2,1,0,:8:-0.5
2,0,0,2,0,1,0,1,0,:1:-0.5
2,0,0,2,0,1,0,1,0,:2:0
2,0,0,2,0,1,0,1,0,:4:0
2,0,0,2,0,1,0,1,0,:6:0
2,0,0,2,0,1,0,1,0,:8:0
2,0,2,2,0,1,1,1,0,:1:0
2,1,2,2,2,1,1,1,0,:8:0
2,0,0,0,1,0,1,2,0,:1:0
2,0,0,0,1,0,1,2,0,:2:0.75
2,0,0,0,1,0,1,2,0,:3:0
2,0,0,0,1,0,1,2,0,:5:0
2,0,0,0,1,0,1,2,0,:8:0
2,2,0,0,1,1,1,2,0,:2:0.75
1,0,0,2,0,1,0,0,2,:1:0
1,0,0,2,0,1,0,0,2,:2:0
1,0,0,2,0,1,0,0,2,:4:0
1,0,0,2,0,1,0,0,2,:6:0
1,0,0,2,0,1,0,0,2,:7:0
1,0,2,2,1,1,0,0,2,:7:0
1,2,2,2,1,1,0,1,2,:6:0
0,0,1,0,0,0,0,0,2,:4:0
0,0,1,0,1,0,2,0,2,:0:0
0,0,1,0,1,0,2,0,2,:1:0
0,0,1,0,1,0,2,0,2,:3:-0.5
0,0,1,0,1,0,2,0,2,:5:0
0,0,1,0,1,0,2,0,2,:7:0
2,1,2,0,0,1,0,0,0,:3:0
2,1,2,0,0,1,0,0,0,:4:0
2,1,2,0,0,1,0,0,0,:6:0
2,1,2,0,0,1,0,0,0,:7:0
2,1,2,0,0,1,0,0,0,:8:0
0,0,0,0,1,0,0,0,2,:0:0
0,0,0,0,1,0,0,0,2,:1:0
0,0,0,0,1,0,0,0,2,:2:0
0,0,0,0,1,0,0,0,2,:3:0
0,0,0,0,1,0,0,0,2,:6:0
0,2,0,1,1,0,0,0,2,:6:0
0,2,0,1,1,0,1,2,2,:0:0
0,2,0,1,1,0,1,2,2,:2:0.75
0,2,0,1,1,0,1,2,2,:5:0
1,0,0,2,0,0,0,0,0,:1:0
1,0,0,2,0,0,0,0,0,:2:0
1,0,0,2,0,0,0,0,0,:4:0.15
1,0,0,2,0,0,0,0,0,:5:0
1,0,0,2,0,0,0,0,0,:7:0
1,0,0,2,0,0,0,0,0,:8:0
1,0,2,2,2,0,1,0,1,:1:-0.5
1,1,2,2,2,0,1,2,1,:5:0
1,2,0,1,0,0,0,2,0,:2:0
1,2,0,1,0,0,0,2,0,:4:0
1,2,0,1,0,0,0,2,0,:5:0
1,2,0,1,0,0,0,2,0,:6:0
1,2,0,1,0,0,0,2,0,:8:0
1,2,0,1,1,0,0,2,2,:2:0
1,2,0,1,1,0,0,2,2,:5:0
1,2,0,1,1,0,0,2,2,:6:0
2,0,0,0,1,0,0,0,0,:5:0
2,2,0,0,1,1,0,0,0,:2:0
2,2,0,0,1,1,0,0,0,:3:0
2,2,0,0,1,1,0,0,0,:6:0.2
2,2,0,0,1,1,0,0,0,:7:0
2,2,0,0,1,1,0,0,0,:8:0
2,2,0,0,1,1,1,0,2,:7:-0.5
0,0,0,0,2,2,1,0,1,:1:-0.5
0,0,2,1,0,0,2,1,0,:0:0
0,0,2,1,0,0,2,1,0,:1:0
0,0,2,1,0,0,2,1,0,:4:0
0,0,2,1,0,0,2,1,0,:5:0
0,0,2,1,0,0,2,1,0,:8:0
0,1,2,1,0,2,2,1,0,:8:-0.75
0,2,0,0,1,0,0,1,2,:0:0
1,2,2,0,1,0,0,1,2,:3:-0.5
1,1,0,0,2,0,0,2,0,:2:0.5
1,1,0,0,2,0,0,2,0,:3:0
1,1,0,0,2,0,0,2,0,:5:0
1,1,0,0,2,0,0,2,0,:6:0
1,1,0,0,2,0,0,2,0,:8:0
1,1,0,0,2,2,1,2,0,:2:0
1,1,0,0,2,2,1,2,0,:3:0.5
1,1,0,0,2,2,1,2,0,:8:-0.5
0,2,0,0,0,1,0,1,2,:0:0
1,2,0,2,0,1,0,1,2,:4:0
1,2,0,2,1,1,2,1,2,:2:0
1,0,0,0,2,1,0,2,0,:3:0
1,0,0,1,2,1,0,2,2,:2:-0.75
0,0,0,2,0,1,2,1,0,:0:0
0,0,0,2,0,1,2,1,0,:1:0
0,0,0,2,0,1,2,1,0,:2:0
0,0,0,2,0,1,2,1,0,:4:0
0,0,0,2,0,1,2,1,0,:8:0
0,0,0,2,1,1,2,1,2,:1:0.5
1,0,0,2,0,0,1,2,0,:1:0
1,0,0,2,0,0,1,2,0,:2:0
1,0,0,2,0,0,1,2,0,:4:0
1,0,0,2,0,0,1,2,0,:5:0
1,0,0,2,0,0,1,2,0,:8:0
1,0,2,2,1,0,1,2,0,:1:0
1,1,2,2,1,2,1,2,0,:8:0
0,0,0,0,1,2,0,1,2,:0:0
0,0,0,0,1,2,0,1,2,:1:0
0,0,0,0,1,2,0,1,2,:2:0
0,0,0,0,1,2,0,1,2,:3:-0.5
0,0,0,0,1,2,0,1,2,:6:0
0,1,0,2,1,0,0,0,2,:0:0
0,1,0,2,1,0,0,0,2,:2:0
0,1,0,2,1,0,0,0,2,:5:0
0,1,0,2,1,0,0,0,2,:6:0
0,1,0,2,1,0,0,0,2,:7:0
2,1,1,2,1,0,0,0,2,:7:0.5
1,2,0,2,1,0,0,0,0,:2:0
1,2,0,2,1,0,0,0,0,:5:0
1,2,0,2,1,0,0,0,0,:6:0
1,2,0,2,1,0,0,0,0,:7:0
1,2,0,2,1,0,0,0,0,:8:0.5
1,2,1,2,1,0,0,0,2,:6:0.5
0,0,2,1,1,2,2,0,1,:7:0
0,2,2,1,1,2,2,1,1,:0:0
1,0,2,0,0,0,0,2,1,:1:0
1,0,2,0,0,0,0,2,1,:3:0
1,0,2,0,0,0,0,2,1,:4:0
1,0,2,0,0,0,0,2,1,:5:0
1,0,2,0,0,0,0,2,1,:6:0
1,0,2,1,0,0,2,2,1,:1:0
1,0,2,1,0,0,2,2,1,:4:0.5
1,0,2,1,0,0,2,2,1,:5:0
2,0,0,1,0,0,1,0,2,:1:0
2,0,0,1,0,0,1,0,2,:2:0
2,0,0,1,0,0,1,0,2,:4:0
2,0,0,1,0,0,1,0,2,:5:0
2,0,0,1,0,0,1,0,2,:7:0
2,1,0,1,0,0,1,2,2,:2:0
2,1,0,1,0,0,1,2,2,:4:0
2,1,0,1,0,0,1,2,2,:5:0
0,0,1,0,2,2,0,0,1,:6:-0.5
1,0,1,2,0,0,2,1,2,:1:0.5
1,0,1,2,0,0,2,1,2,:5:0
1,0,0,1,2,2,0,0,0,:6:0.5
0,0,2,2,1,1,0,0,0,:7:0
0,0,2,2,1,1,0,1,2,:0:0
0,0,2,2,1,1,0,1,2,:1:0.5
0,0,2,2,1,1,0,1,2,:6:0
0,2,1,0,0,0,0,0,0,:0:0
1,2,1,2,0,0,0,0,0,:7:0
1,2,1,2,0,2,0,1,0,:6:0
1,2,1,2,0,2,1,1,2,:4:0
0,2,1,2,1,0,0,2,1,:6:0.5
1,0,0,0,1,0,2,2,0,:1:-0.5
0,0,0,2,0,0,0,1,0,:1:0
0,0,0,2,0,0,0,1,0,:2:0
0,0,0,2,0,0,0,1,0,:4:0.12
0,0,0,2,0,0,0,1,0,:6:0
0,0,0,2,0,0,0,1,0,:8:0
0,0,1,2,0,2,0,1,0,:8:0
0,0,1,2,0,2,2,1,1,:0:0
0,0,1,2,0,2,2,1,1,:1:-0.5
0,0,1,2,0,2,2,1,1,:4:0
1,1,2,2,0,0,0,0,0,:4:0
1,1,2,2,0,0,0,0,0,:5:0
1,1,2,2,0,0,0,0,0,:6:0
1,1,2,2,0,0,0,0,0,:7:0
1,1,2,2,0,0,0,0,0,:8:0
1,1,2,2,1,0,0,2,0,:5:0
1,1,2,2,1,0,0,2,0,:6:0
1,1,2,2,1,0,0,2,0,:8:0
1,1,2,2,1,0,1,2,2,:5:0
1,2,2,0,0,1,0,0,0,:7:0
1,2,2,1,0,1,2,1,2,:4:0
0,0,0,1,0,0,1,2,2,:0:0
0,0,0,1,0,0,1,2,2,:1:0
0,0,0,1,0,0,1,2,2,:2:0
0,0,0,1,0,0,1,2,2,:4:0
0,0,0,1,0,0,1,2,2,:5:0
0,0,2,1,1,0,1,2,2,:5:0.5
2,1,0,2,1,1,1,2,2,:2:0
1,0,0,0,1,0,2,0,2,:1:0
1,0,0,0,1,0,2,0,2,:2:0
1,0,0,0,1,0,2,0,2,:3:0
1,0,0,0,1,0,2,0,2,:5:0
1,0,0,0,1,0,2,0,2,:7:0
1,1,0,0,1,2,2,0,2,:2:0.5
1,1,0,0,1,2,2,0,2,:3:0
1,1,0,0,1,2,2,0,2,:7:0
0,1,0,1,2,2,1,0,2,:2:-0.5
2,1,0,0,0,0,0,2,1,:2:0
2,1,0,0,0,0,0,2,1,:3:0
2,1,0,0,0,0,0,2,1,:4:0
2,1,0,0,0,0,0,2,1,:5:0
2,1,0,0,0,0,0,2,1,:6:0
2,1,0,1,0,2,0,2,1,:2:0
2,1,1,1,2,2,0,2,1,:6:0
0,0,1,2,2,0,1,0,0,:1:-0.25
0,0,0,0,2,1,0,2,1,:0:0
1,0,0,0,2,1,2,2,1,:2:0.5
0,0,0,1,0,2,2,1,0,:0:0
0,0,0,1,0,2,2,1,0,:1:0
0,0,0,1,0,2,2,1,0,:2:0
0,0,0,1,0,2,2,1,0,:4:0
0,0,0,1,0,2,2,1,0,:8:0
2,0,0,1,1,2,2,1,0,:1:0.5
2,0,0,1,1,2,2,1,0,:2:0
2,0,0,1,1,2,2,1,0,:8:0
0,0,2,0,0,1,2,1,0,:4:0
2,0,2,0,1,1,2,1,0,:1:0.25
2,0,2,0,1,1,2,1,0,:3:0
2,0,2,0,1,1,2,1,0,:8:0
0,1,0,0,1,0,0,2,2,:3:0.3
0,1,2,1,1,0,0,2,2,:0:-0.5
0,1,2,1,1,0,0,2,2,:5:0.75
0,1,2,1,1,0,0,2,2,:6:0
2,1,0,0,1,0,1,2,2,:2:0.5
2,1,0,0,1,0,1,2,2,:3:0
2,1,0,0,1,0,1,2,2,:5:0
1,0,0,2,1,0,0,2,0,:1:0
1,0,0,2,1,0,0,2,0,:2:0
1,0,0,2,1,0,0,2,0,:5:0
1,0,0,2,1,0,0,2,0,:6:0.2
1,0,0,2,1,0,0,2,0,:8:0
1,0,1,2,1,0,2,2,0,:1:0
1,0,1,2,1,0,2,2,0,:5:0
1,0,1,2,1,0,2,2,0,:8:0
0,0,2,1,0,0,0,1,2,:0:0
0,0,2,1,0,0,0,1,2,:1:0
0,0,2,1,0,0,0,1,2,:4:0
0,0,2,1,0,0,0,1,2,:5:0
0,0,2,1,0,0,0,1,2,:6:0
0,0,2,1,1,0,2,1,2,:0:0
0,0,2,1,1,0,2,1,2,:1:0.5
0,0,2,1,1,0,2,1,2,:5:0
0,2,0,1,0,0,0,0,0,:0:0
0,2,0,1,0,0,0,0,0,:2:0
0,2,0,1,0,0,0,0,0,:4:0
0,2,0,1,0,0,0,0,0,:5:0
0,2,0,1,0,0,0,0,0,:6:0
0,2,0,1,0,0,0,0,0,:7:0
0,2,0,1,0,0,0,0,0,:8:0
1,2,2,1,0,0,0,0,0,:8:0
1,2,2,1,2,0,0,0,1,:5:-0.5
0,0,2,0,1,0,0,0,0,:0:0
0,0,2,0,1,0,0,0,0,:1:0
0,0,2,0,1,0,0,0,0,:3:0
0,0,2,0,1,0,0,0,0,:5:0
0,0,2,0,1,0,0,0,0,:6:0
0,0,2,0,1,0,0,0,0,:7:0
0,0,2,0,1,0,0,0,0,:8:0
0,0,2,0,1,0,1,0,2,:0:0
0,0,2,0,1,0,1,0,2,:1:0
0,0,2,0,1,0,1,0,2,:3:0
0,0,2,0,1,0,1,0,2,:5:0
0,0,2,0,1,0,1,0,2,:7:0
2,0,2,0,1,1,1,0,2,:1:0
2,0,2,0,1,1,1,0,2,:3:0.5
2,0,2,0,1,1,1,0,2,:7:0
0,2,0,0,2,0,1,1,0,:0:0
0,2,0,0,2,0,1,1,0,:2:0
0,2,0,0,2,0,1,1,0,:3:0
0,2,0,0,2,0,1,1,0,:5:0
0,2,0,0,2,0,1,1,0,:8:0
0,2,0,1,2,2,1,1,0,:0:0.5
2,0,1,1,0,2,0,0,0,:1:0
2,0,1,1,0,2,0,0,0,:4:0
2,0,1,1,0,2,0,0,0,:7:0
2,0,1,1,0,2,0,0,0,:8:0
2,1,1,1,0,2,0,2,0,:4:0
0,1,0,1,2,2,0,0,0,:0:0
0,1,0,1,2,2,0,0,0,:2:0
0,1,0,1,2,2,0,0,0,:6:0
0,1,0,1,2,2,0,0,0,:7:0
0,1,0,1,2,2,1,2,0,:0:0.5
0,1,0,1,2,2,1,2,0,:2:0
0,1,0,1,2,2,1,2,0,:8:0
2,1,0,0,0,1,0,0,2,:4:0
2,1,0,0,1,1,2,0,2,:3:0.5
1,0,0,0,2,0,1,2,0,:1:0.1
2,0,0,0,0,0,0,0,1,:1:0
2,0,0,0,0,0,0,0,1,:2:0
2,0,0,0,0,0,0,0,1,:3:0
2,0,0,0,0,0,0,0,1,:5:0
2,0,0,0,0,0,0,0,1,:6:0
2,0,0,0,0,0,0,0,1,:7:0
2,0,0,2,1,0,0,0,1,:7:-0.5
1,0,2,2,0,1,0,0,0,:1:0
1,0,2,2,0,1,0,0,0,:4:0
1,0,2,2,0,1,0,0,0,:6:0
1,0,2,2,0,1,0,0,0,:7:0
1,0,2,2,0,1,0,0,0,:8:0
1,0,2,2,1,1,0,2,0,:1:0
1,1,2,2,1,1,0,2,2,:6:0
0,0,1,0,1,0,0,2,2,:5:0
0,2,1,0,1,1,0,2,2,:0:0
0,2,1,0,1,1,0,2,2,:3:0.5
0,2,1,0,1,1,0,2,2,:6:0
1,2,1,2,0,0,0,0,0,:5:0
1,2,1,2,0,1,0,2,0,:8:-0.25
1,0,2,0,0,0,0,1,2,:6:0
1,0,2,2,0,0,1,1,2,:1:0
1,0,2,2,0,0,1,1,2,:4:0
1,0,2,2,0,0,1,1,2,:5:0
0,2,1,0,0,0,0,0,0,:3:0
0,2,1,0,0,0,0,0,0,:4:0
0,2,1,0,0,0,0,0,0,:5:0
0,2,1,0,0,0,0,0,0,:6:0
0,2,1,0,0,0,0,0,0,:8:0
0,2,1,2,0,0,1,0,0,:0:0
0,2,1,2,0,0,1,0,0,:4:0.984375
0,2,1,2,0,0,1,0,0,:5:0
0,2,1,2,0,0,1,0,0,:7:0
0,2,1,2,0,0,1,0,0,:8:0.2
0,2,1,2,0,0,1,1,2,:0:0
0,2,1,2,0,0,1,1,2,:4:0
0,2,1,2,0,0,1,1,2,:5:0
0,0,1,2,1,0,2,0,0,:0:0
0,0,1,2,1,0,2,0,0,:1:-0.5
0,0,1,2,1,0,2,0,0,:5:0
0,0,1,2,1,0,2,0,0,:7:0
0,0,1,2,1,0,2,0,0,:8:0
0,2,1,2,1,1,2,0,0,:0:0
0,2,1,2,1,1,2,0,0,:7:-0.25
0,2,1,2,1,1,2,0,0,:8:0
1,2,1,2,0,0,0,0,0,:4:0
1,2,1,2,0,0,0,0,0,:6:0
1,2,1,2,0,0,0,0,0,:8:0
1,2,1,2,0,2,1,0,0,:7:0
1,1,0,2,0,0,1,2,2,:5:0
1,1,2,0,0,0,0,2,0,:3:0
1,1,2,0,0,0,0,2,0,:4:0
1,1,2,0,0,0,0,2,0,:5:0
1,1,2,0,0,0,0,2,0,:6:0
1,1,2,0,0,0,0,2,0,:8:0
1,1,2,0,1,0,0,2,2,:6:0
2,0,1,0,1,0,2,0,0,:1:0
2,0,1,0,1,0,2,0,0,:3:0
2,0,1,0,1,0,2,0,0,:5:0
2,0,1,0,1,0,2,0,0,:7:0
2,0,1,0,1,0,2,0,0,:8:0
2,0,1,1,1,0,2,0,2,:1:-0.5
0,0,1,2,0,1,0,2,0,:4:0
0,2,1,2,1,1,0,2,0,:8:0.75
0,0,0,0,1,2,1,0,2,:0:0
0,0,0,0,1,2,1,0,2,:1:-0.4
0,0,0,0,1,2,1,0,2,:2:0.5
0,0,0,0,1,2,1,0,2,:3:0
0,0,0,0,1,2,1,0,2,:7:0
1,2,0,0,1,2,1,0,2,:2:0
1,2,0,0,1,2,1,0,2,:3:0.75
1,2,0,0,1,2,1,0,2,:7:0
0,0,1,0,2,0,2,1,0,:0:0
0,0,1,0,2,0,2,1,0,:1:0
0,0,1,0,2,0,2,1,0,:3:0
0,0,1,0,2,0,2,1,0,:5:0
0,0,1,0,2,0,2,1,0,:8:0
1,2,1,0,2,0,2,1,0,:3:0
1,2,1,0,2,0,2,1,0,:5:0
1,2,1,0,2,0,2,1,0,:8:0
1,2,1,1,2,0,2,1,2,:5:0
2,1,0,0,2,1,0,0,0,:2:0
2,1,0,0,2,1,0,0,0,:3:0
2,1,0,0,2,1,0,0,0,:6:0
2,1,0,0,2,1,0,0,0,:7:0
2,1,0,0,2,1,0,0,0,:8:0
2,1,0,0,2,1,2,1,0,:3:-0.5
0,0,0,0,0,2,0,0,1,:7:0
0,2,0,0,0,2,0,1,1,:0:0
1,2,2,0,0,2,0,1,1,:3:0
1,2,2,0,0,2,0,1,1,:4:0
1,2,2,0,0,2,0,1,1,:6:0
1,2,2,1,2,2,0,1,1,:6:0
0,0,2,0,1,1,2,0,0,:0:0
0,0,2,0,1,1,2,0,0,:1:0
0,0,2,0,1,1,2,0,0,:3:0.5
0,0,2,0,1,1,2,0,0,:7:0
0,0,2,0,1,1,2,0,0,:8:0
0,0,2,2,1,1,2,1,0,:8:-0.5
1,0,2,2,1,1,2,0,0,:1:0
1,0,2,2,1,1,2,0,0,:7:0
1,0,2,2,1,1,2,0,0,:8:0
1,0,2,2,1,1,2,1,2,:1:0
0,0,0,0,0,0,0,2,1,:0:0
0,0,0,0,0,0,0,2,1,:1:0
0,0,0,0,0,0,0,2,1,:2:0
0,0,0,0,0,0,0,2,1,:3:0
0,0,0,0,0,0,0,2,1,:4:0
0,0,0,0,0,0,0,2,1,:5:0.2
0,0,0,0,0,0,0,2,1,:6:0
2,0,1,0,0,0,0,2,1,:4:0
2,0,1,0,1,2,0,2,1,:1:0
2,2,1,0,1,0,0,0,0,:3:0
2,2,1,0,1,0,0,0,0,:6:0.5
2,2,1,0,1,0,0,0,0,:7:0
2,2,1,0,1,0,0,0,0,:8:0
0,0,1,2,0,0,2,0,1,:1:-0.5
1,2,1,2,0,0,1,2,0,:4:0.5
1,2,1,2,0,0,1,2,0,:5:0
1,2,1,2,0,0,1,2,0,:8:0
1,2,2,0,0,2,1,0,1,:3:0.5
1,2,2,0,0,2,1,0,1,:4:0
1,2,2,0,0,2,1,0,1,:7:0
1,1,0,0,0,2,2,0,0,:2:0.75
0,1,0,2,0,1,0,0,2,:6:0
0,1,0,2,2,1,1,0,2,:0:0
0,1,0,2,2,1,1,0,2,:2:0
0,1,0,2,2,1,1,0,2,:7:0
0,1,1,2,2,1,1,2,2,:0:0
0,2,1,2,1,0,2,1,0,:0:0
0,2,1,2,1,0,2,1,0,:5:0
0,2,1,2,1,0,2,1,0,:8:0
1,2,1,2,1,2,2,1,0,:8:0
0,1,0,1,0,2,2,0,0,:8:0
0,1,0,1,2,2,2,0,1,:0:0
0,1,0,1,2,2,2,0,1,:2:0
0,1,0,1,2,2,2,0,1,:7:0
1,1,0,1,2,2,2,2,1,:2:0
1,2,0,0,1,1,2,0,2,:2:-0.25
0,2,1,0,1,2,0,0,0,:6:0.5
2,2,0,1,0,2,1,1,0,:8:-0.5
0,0,2,1,0,1,0,2,0,:4:0.5
0,0,0,1,1,2,0,0,2,:0:0
0,0,0,1,1,2,0,0,2,:1:0
0,0,0,1,1,2,0,0,2,:2:0
0,0,0,1,1,2,0,0,2,:6:0
0,0,0,1,1,2,0,0,2,:7:0
2,0,0,1,1,2,1,0,2,:2:0.5
1,2,2,2,0,1,1,0,0,:4:0
1,2,2,2,1,1,1,0,2,:7:0
0,0,0,0,0,1,2,0,0,:0:0
0,0,0,0,0,1,2,0,0,:1:0
0,0,0,0,0,1,2,0,0,:2:0
0,0,0,0,0,1,2,0,0,:3:0
0,0,0,0,0,1,2,0,0,:4:0
0,0,0,0,0,1,2,0,0,:7:0
0,0,0,0,0,1,2,0,0,:8:0
0,0,0,2,1,1,2,0,0,:2:0
0,0,1,2,1,1,2,2,0,:0:0
0,1,0,0,2,2,1,0,0,:7:0
0,1,0,0,2,2,1,1,2,:0:-0.5
0,1,0,0,2,2,1,1,2,:2:0
0,1,0,0,2,2,1,1,2,:3:0
1,1,0,0,2,1,2,2,0,:2:0.5
0,2,0,0,1,2,1,1,2,:0:0
0,2,0,0,1,2,1,1,2,:2:0.5
0,2,0,0,1,2,1,1,2,:3:0
0,0,2,1,1,2,2,1,0,:0:-0.5
0,0,0,2,2,0,1,1,0,:5:0
0,0,0,2,2,1,1,1,2,:0:0
0,0,0,2,2,1,1,1,2,:1:0
0,0,0,2,2,1,1,1,2,:2:0
1,2,0,2,2,1,1,1,2,:2:0
0,2,1,2,0,1,0,0,0,:0:0
0,2,1,2,0,1,0,0,0,:4:0.2
0,2,1,2,0,1,0,0,0,:6:0
0,2,1,2,0,1,0,0,0,:7:0
0,2,1,2,0,1,0,0,0,:8:0
0,2,1,2,1,1,0,2,0,:0:0
0,2,1,2,1,1,0,2,0,:6:0
0,1,0,0,1,2,0,0,2,:7:0.5
0,1,2,2,0,1,0,0,0,:0:0
0,1,2,2,0,1,0,0,0,:4:0
0,1,2,2,0,1,0,0,0,:6:0
0,1,2,2,0,1,0,0,0,:7:0
0,1,2,2,0,1,0,0,0,:8:0
1,1,2,2,0,1,0,0,2,:4:0
1,1,2,2,0,1,0,0,2,:6:0
1,1,2,2,0,1,0,0,2,:7:0
1,1,2,2,1,1,2,0,2,:7:0
2,0,0,0,2,1,0,1,0,:1:0
2,0,0,0,2,1,0,1,0,:2:0
2,0,0,0,2,1,0,1,0,:3:0
2,0,0,0,2,1,0,1,0,:6:0
2,0,0,0,2,1,0,1,0,:8:0
2,0,2,0,2,1,1,1,0,:3:-0.5
2,2,1,2,0,1,0,1,0,:4:0
2,2,1,2,0,1,0,1,0,:6:0
2,2,1,2,0,1,0,1,0,:8:0
1,0,0,0,0,1,0,2,2,:1:0
1,0,0,0,0,1,0,2,2,:2:0
1,0,0,0,0,1,0,2,2,:3:0
1,0,0,0,0,1,0,2,2,:4:0
1,0,0,0,0,1,0,2,2,:6:0
1,2,0,1,0,1,0,2,2,:2:-0.5
1,2,0,1,0,1,0,2,2,:4:0
1,2,0,1,0,1,0,2,2,:6:0
2,0,1,0,1,2,0,0,0,:3:0
2,0,1,1,1,2,0,0,2,:7:0
2,0,1,1,1,2,2,1,2,:1:0
0,0,0,0,2,1,0,2,1,:1:0
0,0,0,0,2,1,0,2,1,:2:0.25
0,0,0,0,2,1,0,2,1,:3:0
0,0,0,0,2,1,0,2,1,:6:0
1,2,0,2,2,1,0,0,1,:6:0
1,2,2,2,2,1,1,0,1,:7:0
2,0,1,0,0,0,1,0,2,:1:-0.25
0,0,2,0,0,0,0,0,1,:5:0
0,2,2,0,0,1,0,0,1,:0:0
0,2,2,0,0,1,0,0,1,:3:0
0,2,2,0,0,1,0,0,1,:4:0
0,2,2,0,0,1,0,0,1,:6:0
0,2,2,0,0,1,0,0,1,:7:0
0,2,2,0,2,1,1,0,1,:0:0
0,2,2,0,2,1,1,0,1,:3:0
0,2,2,0,2,1,1,0,1,:7:0
0,1,1,0,0,2,1,2,2,:3:0
0,1,1,1,2,2,1,2,2,:0:0
2,0,0,0,0,1,0,2,1,:1:0
2,0,0,0,0,1,0,2,1,:2:0.5
2,0,0,0,0,1,0,2,1,:3:0
2,0,0,0,0,1,0,2,1,:4:0
2,0,0,0,0,1,0,2,1,:6:0
2,0,2,1,0,1,0,2,1,:1:0
2,0,2,1,0,1,0,2,1,:4:0
2,0,2,1,0,1,0,2,1,:6:0
2,1,2,1,0,1,2,2,1,:4:0
0,2,1,0,0,0,2,1,0,:4:0
0,2,1,0,1,2,2,1,0,:0:0
1,0,0,2,0,1,0,2,0,:6:0
1,0,2,2,0,1,1,2,0,:1:0
0,1,0,0,2,0,1,0,2,:0:0
0,1,0,0,2,0,1,0,2,:2:0
0,1,0,0,2,0,1,0,2,:3:0
0,1,0,0,2,0,1,0,2,:5:0
0,1,0,0,2,0,1,0,2,:7:0
0,1,1,2,2,0,1,0,2,:0:0
0,1,1,2,2,0,1,0,2,:5:-0.75
0,1,1,2,2,0,1,0,2,:7:-0.5
0,2,0,1,0,1,0,2,0,:0:0
0,2,0,1,0,1,0,2,0,:2:-0.25
0,2,0,1,0,1,0,2,0,:4:0.75
0,2,0,1,0,1,0,2,0,:6:0
0,2,0,1,0,1,0,2,0,:8:0
0,1,2,2,0,1,1,0,2,:0:0
1,1,2,2,2,1,1,0,2,:7:0
0,1,0,1,2,0,0,2,0,:8:0
2,1,0,1,2,0,0,2,1,:6:0
2,1,0,1,2,2,1,2,1,:2:0
2,0,0,0,0,1,1,2,0,:1:0
2,0,0,0,0,1,1,2,0,:2:0
2,0,0,0,0,1,1,2,0,:3:0
2,0,0,0,0,1,1,2,0,:4:0
2,0,0,0,0,1,1,2,0,:8:0
2,0,0,1,2,1,1,2,0,:1:0
2,1,2,1,2,1,1,2,0,:8:0
1,2,2,0,0,1,0,0,0,:3:0
1,2,2,0,0,1,0,0,0,:4:0
1,2,2,0,0,1,0,0,0,:6:0
1,2,2,0,0,1,0,0,0,:8:0
1,2,2,1,0,1,2,0,0,:4:0.5
0,1,0,2,0,1,0,0,2,:0:0
0,1,0,2,0,1,0,0,2,:2:0
0,1,0,2,0,1,0,0,2,:4:0
0,1,0,2,0,1,0,0,2,:7:0
1,1,0,2,0,1,2,0,2,:7:0
1,1,0,2,2,1,2,1,2,:2:0
0,1,0,1,2,0,0,2,0,:2:0
2,1,1,1,2,0,0,2,0,:5:0
2,1,1,1,2,0,0,2,0,:6:0
2,1,1,1,2,0,0,2,0,:8:0
2,1,1,1,2,1,2,2,0,:8:0
1,0,2,2,2,1,0,1,0,:8:-0.5
0,1,2,1,2,2,0,0,1,:6:0
0,1,2,1,2,2,0,0,1,:7:0
2,1,2,1,2,2,1,0,1,:7:0
2,1,0,0,2,0,0,1,0,:2:0
2,1,0,0,2,0,0,1,0,:3:0
2,1,0,0,2,0,0,1,0,:5:0
2,1,0,0,2,0,0,1,0,:6:0
2,1,0,0,2,0,0,1,0,:8:0
2,1,0,2,2,1,0,1,0,:2:-0.5
0,0,0,0,2,1,1,2,0,:1:0
0,1,0,0,2,1,1,2,2,:0:0
0,1,0,0,2,1,1,2,2,:2:-0.5
0,1,0,0,2,1,1,2,2,:3:0
0,0,0,2,0,1,0,2,1,:0:0
0,0,0,2,0,1,0,2,1,:1:0
0,0,0,2,0,1,0,2,1,:2:0
0,0,0,2,0,1,0,2,1,:4:0
0,0,0,2,0,1,0,2,1,:6:0
1,0,2,2,0,1,0,2,1,:6:0
1,0,2,2,2,1,1,2,1,:1:0
2,0,2,0,1,1,0,0,0,:3:-0.3125
0,0,0,0,2,1,1,0,2,:3:-0.5
1,0,0,0,0,0,0,0,2,:2:0
1,0,1,0,2,0,0,0,2,:1:0
1,0,1,0,2,0,0,0,2,:3:0.2
1,0,1,0,2,0,0,0,2,:5:0
1,0,1,0,2,0,0,0,2,:6:0
1,0,1,0,2,0,0,0,2,:7:0
1,0,1,0,2,2,1,0,2,:3:0.5
0,2,0,2,1,0,0,1,0,:2:0.25
0,1,0,1,0,2,2,0,0,:0:0
0,1,0,1,0,2,2,0,0,:2:0
0,1,0,1,0,2,2,0,0,:4:0
0,1,0,1,0,2,2,0,0,:7:0
2,1,1,1,0,2,2,0,0,:4:0
2,1,1,1,0,2,2,0,0,:7:0
2,1,1,1,0,2,2,0,0,:8:0
0,1,0,1,2,2,2,1,0,:8:0
2,1,0,1,2,2,2,1,1,:2:0
1,1,0,2,0,2,2,0,1,:2:0.5
1,1,0,2,0,2,2,0,1,:4:0
1,1,0,2,0,2,2,0,1,:7:0
0,1,2,0,2,1,0,0,0,:6:0
0,1,2,0,2,1,1,2,0,:8:0
0,1,2,2,2,1,1,2,1,:0:0
2,0,1,0,0,1,0,0,2,:1:0
2,0,1,0,0,1,0,0,2,:3:0
2,0,1,0,0,1,0,0,2,:4:0
2,0,1,0,0,1,0,0,2,:6:0
2,0,1,0,0,1,0,0,2,:7:0
2,0,1,2,1,1,0,0,2,:1:0
2,0,1,2,1,1,0,0,2,:6:0
2,0,1,2,1,1,0,0,2,:7:0
0,0,1,2,0,1,0,2,0,:0:0.2
0,0,1,2,0,1,0,2,0,:1:0
0,0,1,2,0,1,0,2,0,:6:0
0,0,1,2,0,1,0,2,0,:8:0
1,2,1,2,0,1,0,2,0,:4:0
1,2,1,2,0,1,0,2,0,:6:0
0,2,0,1,1,0,2,0,0,:0:0
0,2,0,1,1,0,2,0,0,:2:0
0,2,0,1,1,0,2,0,0,:5:0.5
0,2,0,1,1,0,2,0,0,:7:0
0,2,0,1,1,0,2,0,0,:8:0
1,2,0,1,1,0,2,0,2,:2:0
1,2,0,1,1,0,2,0,2,:5:0
1,2,0,1,1,0,2,0,2,:7:0
2,0,2,1,0,1,0,0,0,:8:-0.5
0,2,1,2,1,2,2,1,1,:0:0
2,2,0,0,2,1,1,1,0,:2:0
2,2,0,0,2,1,1,1,0,:3:0
2,2,0,0,2,1,1,1,0,:8:0
2,2,1,2,2,1,1,1,0,:8:0
0,1,0,2,1,1,2,2,0,:0:0
0,1,0,2,1,1,2,2,0,:2:0
0,1,0,2,1,1,2,2,0,:8:0
1,1,2,2,1,1,2,2,0,:8:0
2,0,0,1,0,1,0,2,0,:1:0
2,0,0,1,0,1,0,2,0,:2:0
2,0,0,1,0,1,0,2,0,:4:0
2,0,0,1,0,1,0,2,0,:6:0
2,0,0,1,0,1,0,2,0,:8:0
2,0,1,1,0,1,0,2,2,:1:-0.5
0,0,0,0,0,1,2,2,1,:2:0.5
0,0,2,0,2,1,0,1,0,:8:0
0,0,2,2,2,1,0,1,1,:1:0
2,1,2,2,2,1,0,1,1,:6:0
0,1,0,2,2,1,0,2,1,:0:0
0,1,0,2,2,1,0,2,1,:2:0
0,1,0,2,2,1,0,2,1,:6:0
1,1,2,2,2,1,0,2,1,:6:0
0,0,1,0,1,2,0,2,0,:0:0.2
0,0,1,0,1,2,0,2,0,:1:0
0,0,1,0,1,2,0,2,0,:3:0
0,0,1,0,1,2,0,2,0,:6:0
0,0,1,0,1,2,0,2,0,:8:0
1,0,1,0,1,2,2,2,0,:1:0
1,0,1,0,1,2,2,2,0,:3:0
0,0,0,2,1,1,2,0,0,:1:-0.75
0,1,2,2,1,1,2,2,1,:0:0
2,2,0,0,1,1,0,1,2,:2:0
2,2,0,0,1,1,0,1,2,:3:-0.5
2,2,0,0,1,1,0,1,2,:6:0
1,2,0,0,0,1,2,0,0,:2:0
1,2,0,0,0,1,2,0,0,:3:0
1,2,0,0,0,1,2,0,0,:4:0
1,2,0,0,0,1,2,0,0,:7:0
1,2,0,0,0,1,2,0,0,:8:0
1,2,0,1,0,1,2,2,0,:4:0.5
0,0,1,1,1,2,2,2,0,:8:0
0,2,1,1,1,2,2,2,1,:0:0
2,2,1,1,0,1,0,2,0,:8:-0.5
0,0,2,0,1,1,0,0,2,:6:0
0,2,2,0,1,1,1,0,2,:0:0
0,2,2,0,1,1,1,0,2,:3:0
0,2,2,0,1,1,1,0,2,:7:0
1,2,2,0,1,1,1,2,2,:3:0
2,1,0,0,0,1,2,0,0,:7:-0.5
0,0,1,2,0,1,2,0,0,:7:0
0,0,1,2,2,1,2,1,0,:0:0
0,0,1,2,2,1,2,1,0,:1:0
0,0,1,2,2,1,2,1,0,:8:0
1,2,1,2,2,1,2,1,0,:8:0
0,0,0,2,1,2,0,1,0,:0:0
1,0,0,2,1,2,0,1,2,:1:0
1,0,0,2,1,2,0,1,2,:2:0
1,0,0,2,1,2,0,1,2,:6:0
1,2,1,2,1,2,0,1,2,:6:0
2,0,0,0,1,1,2,0,0,:7:-0.5
2,0,0,0,1,1,2,1,2,:2:-0.5
0,0,0,1,2,0,1,0,2,:5:0
0,0,2,1,2,1,1,0,2,:0:0
0,0,2,1,2,1,1,0,2,:1:-0.75
0,0,2,1,2,1,1,0,2,:7:0
0,0,0,2,0,0,0,0,1,:0:0
1,0,0,2,0,2,0,0,1,:2:-0.5
0,1,2,0,0,1,2,0,0,:0:0
0,1,2,0,0,1,2,0,0,:3:0
0,1,2,0,0,1,2,0,0,:4:0
0,1,2,0,0,1,2,0,0,:7:0
0,1,2,0,0,1,2,0,0,:8:0
0,1,2,0,1,1,2,0,2,:0:0
1,0,0,0,2,2,1,0,0,:1:0
1,0,0,0,2,2,1,0,0,:2:0
1,0,0,0,2,2,1,0,0,:3:0.96875
1,0,0,0,2,2,1,0,0,:7:0
1,0,0,0,2,2,1,0,0,:8:0
1,0,2,0,2,2,1,1,0,:1:-0.5
1,0,2,0,2,2,1,1,0,:3:0
1,0,2,0,2,2,1,1,0,:8:0
0,1,2,2,1,0,0,0,0,:0:0
0,1,2,2,1,0,0,0,0,:5:0
0,1,2,2,1,0,0,0,0,:6:0
0,1,2,2,1,0,0,0,0,:7:0
0,1,2,2,1,0,0,0,0,:8:0
1,1,2,2,1,0,2,0,0,:5:0
1,1,2,2,1,0,2,0,0,:7:0.5
1,1,2,2,1,0,2,0,0,:8:0
2,2,1,0,0,1,2,1,0,:3:0
2,2,1,0,0,1,2,1,0,:4:-0.25
2,2,1,0,0,1,2,1,0,:8:0
1,2,2,0,1,0,1,0,2,:3:0.5
1,2,2,0,1,0,1,0,2,:5:0
1,2,2,0,1,0,1,0,2,:7:0
0,0,1,0,0,0,0,0,2,:0:0
0,0,1,0,0,0,0,0,2,:1:0
0,0,1,0,0,0,0,0,2,:3:0
0,0,1,0,0,0,0,0,2,:5:0
0,0,1,0,0,0,0,0,2,:6:0
0,0,1,0,0,0,0,0,2,:7:0
0,0,1,0,0,1,2,0,2,:0:0
1,0,1,0,2,1,2,0,2,:1:0.75
0,2,0,0,2,1,1,0,0,:2:0
2,2,1,0,2,1,1,0,0,:3:0
2,2,1,0,2,1,1,0,0,:7:-0.5
2,2,1,0,2,1,1,0,0,:8:0
0,1,2,0,1,0,0,0,2,:0:0
0,1,2,0,1,0,0,0,2,:3:0.25
0,1,2,0,1,0,0,0,2,:5:0
0,1,2,0,1,0,0,0,2,:6:0
0,1,2,0,1,0,0,0,2,:7:0
2,1,2,0,1,0,1,0,2,:3:-0.5
2,1,2,0,1,0,1,0,2,:5:0
2,1,2,0,1,0,1,0,2,:7:0
0,0,0,0,2,1,1,0,2,:7:-0.5
0,0,2,0,1,2,0,1,0,:0:0
0,0,2,0,1,2,0,1,0,:1:0
0,0,2,0,1,2,0,1,0,:3:-0.5
0,0,2,0,1,2,0,1,0,:6:0
0,0,2,0,1,2,0,1,0,:8:0
2,0,0,1,0,1,2,0,0,:7:0
2,0,0,1,0,1,2,1,2,:1:0
2,0,0,1,0,1,2,1,2,:2:0
2,0,0,1,0,1,2,1,2,:4:0
0,0,0,2,1,2,0,1,0,:6:0
0,0,0,2,1,2,1,1,2,:0:0
0,0,0,2,1,2,1,1,2,:1:0
0,0,0,2,1,2,1,1,2,:2:0.5
1,2,0,2,1,2,1,1,2,:2:0
0,0,0,2,1,1,0,2,0,:8:0
0,0,2,2,1,1,0,2,1,:0:0
0,0,2,2,1,1,0,2,1,:1:0
0,0,2,2,1,1,0,2,1,:6:0
2,1,2,2,1,1,0,2,1,:6:0
0,1,0,2,1,0,0,2,0,:0:0
0,1,0,2,1,0,0,2,0,:2:0
0,1,0,2,1,0,0,2,0,:5:0
0,1,0,2,1,0,0,2,0,:6:0
0,1,0,2,1,0,0,2,0,:8:0
1,1,0,2,1,0,0,2,2,:6:0
1,1,0,2,1,2,1,2,2,:2:0
0,0,0,2,1,0,1,0,2,:0:0
0,0,0,2,1,0,1,0,2,:1:0
0,0,0,2,1,0,1,0,2,:2:0
0,0,0,2,1,0,1,0,2,:5:0
0,0,0,2,1,0,1,0,2,:7:0
0,0,2,2,1,1,1,0,2,:7:0
2,0,2,2,1,1,1,1,2,:1:0
0,1,1,1,2,2,0,2,0,:0:0
0,1,1,1,2,2,0,2,0,:6:0
0,1,1,1,2,2,0,2,0,:8:0
2,1,1,1,2,2,1,2,0,:8:0
0,0,0,0,2,0,0,0,1,:0:0
0,0,0,0,2,0,0,0,1,:1:0
0,0,0,0,2,0,0,0,1,:2:0
0,0,0,0,2,0,0,0,1,:3:0
0,0,0,0,2,0,0,0,1,:5:0
0,0,0,0,2,0,0,0,1,:6:0
0,0,0,0,2,0,0,0,1,:7:0
0,0,0,2,2,1,0,0,1,:0:0
0,0,0,2,2,1,0,0,1,:1:0
0,0,0,2,2,1,0,0,1,:2:0
0,0,0,2,2,1,0,0,1,:6:0
0,0,0,2,2,1,0,0,1,:7:0
1,2,0,2,2,1,0,0,1,:2:-0.5
1,2,0,2,2,1,0,0,1,:7:0
0,1,0,2,2,1,2,0,1,:7:-0.5
0,1,0,1,2,0,2,0,0,:0:0
0,1,0,1,2,0,2,0,0,:2:0
0,1,0,1,2,0,2,0,0,:5:-0.625
0,1,0,1,2,0,2,0,0,:7:0
0,1,0,1,2,0,2,0,0,:8:0
0,1,0,1,2,0,2,1,2,:0:-0.5
0,1,0,1,2,0,2,1,2,:2:0
0,1,0,1,2,0,2,1,2,:5:0
0,1,2,0,0,0,0,2,1,:0:0
0,1,2,0,0,0,0,2,1,:3:0
0,1,2,0,0,0,0,2,1,:4:0
0,1,2,0,0,0,0,2,1,:5:0
0,1,2,0,0,0,0,2,1,:6:0
0,1,2,1,2,0,0,2,1,:0:0
0,1,2,1,2,0,0,2,1,:5:-0.75
0,1,2,1,2,0,0,2,1,:6:0
1,2,1,0,0,0,0,2,0,:8:0
1,2,1,0,0,2,0,2,1,:3:0
1,2,1,1,0,2,2,2,1,:4:0
1,0,0,0,0,0,0,0,2,:7:0
1,0,0,0,0,0,2,1,2,:3:0
1,2,0,1,0,0,2,1,2,:2:0
1,2,0,1,0,0,2,1,2,:4:0
1,2,0,1,0,0,2,1,2,:5:0
1,2,1,1,0,2,2,1,2,:4:0
1,1,2,1,2,0,0,0,2,:5:0
1,1,2,1,2,0,0,0,2,:7:0
2,1,2,0,0,0,0,0,1,:3:0
2,1,2,0,0,0,0,0,1,:4:0
2,1,2,0,0,0,0,0,1,:5:0
2,1,2,0,0,0,0,0,1,:6:0
2,1,2,0,0,0,0,0,1,:7:0
2,1,2,0,1,2,0,0,1,:3:0
2,1,2,0,1,2,0,0,1,:6:0
2,1,2,0,1,2,0,0,1,:7:0
2,1,2,0,1,2,1,2,1,:3:0
0,0,2,0,0,1,2,1,0,:3:0
0,0,2,1,0,1,2,1,2,:0:-0.5
0,0,0,2,0,1,1,0,2,:4:0
0,0,2,2,1,1,1,0,2,:0:0
0,0,2,2,1,1,1,0,2,:1:0
0,1,2,2,1,1,1,2,2,:0:0
0,1,0,0,2,1,2,0,0,:0:0
0,1,0,0,2,1,2,0,0,:2:0
0,1,0,0,2,1,2,0,0,:3:0
0,1,0,0,2,1,2,0,0,:7:0
0,1,0,0,2,1,2,0,0,:8:0
0,1,1,2,2,1,2,0,0,:8:0.5
0,2,0,0,1,0,2,0,1,:0:0
0,2,0,0,1,0,2,0,1,:2:0
0,2,0,0,1,0,2,0,1,:3:0
0,2,0,0,1,0,2,0,1,:5:0
0,2,0,0,1,0,2,0,1,:7:0
2,0,0,0,1,1,2,0,0,:1:0
2,1,2,0,1,1,2,0,0,:3:0.5
2,1,0,2,1,1,0,0,2,:2:0
0,0,0,0,2,1,1,2,0,:8:0
0,0,0,2,2,1,1,2,1,:1:0
2,1,1,0,2,2,0,1,0,:3:0
2,1,1,0,2,2,0,1,0,:6:0
2,1,1,0,2,2,0,1,0,:8:0
2,1,1,1,2,2,2,1,0,:8:0
1,0,0,2,0,1,0,2,0,:8:0
1,2,0,2,0,1,0,2,1,:6:0
1,2,2,2,0,1,1,2,1,:4:0
0,0,1,2,0,1,2,1,2,:0:0
0,0,1,2,0,1,2,1,2,:1:0
0,0,1,2,0,1,2,1,2,:4:0
0,1,1,2,2,1,2,1,2,:0:0
1,2,0,0,1,0,2,1,2,:2:0
1,2,0,0,1,0,2,1,2,:3:0
1,2,0,0,1,0,2,1,2,:5:0
1,2,1,2,1,0,2,1,2,:5:0
0,2,0,0,1,0,2,1,0,:0:0
0,2,0,0,1,0,2,1,0,:2:0
0,2,0,0,1,0,2,1,0,:3:0
0,2,0,0,1,0,2,1,0,:5:0
0,2,0,0,1,0,2,1,0,:8:0
0,2,2,0,1,1,2,1,0,:0:0
0,2,2,0,1,1,2,1,0,:3:0
0,2,2,0,1,1,2,1,0,:8:0
1,2,2,2,1,1,2,1,0,:8:0
0,0,0,0,0,1,2,1,2,:0:0
0,0,0,0,0,1,2,1,2,:1:0
0,0,0,0,0,1,2,1,2,:2:0
0,0,0,0,0,1,2,1,2,:3:0
0,0,0,0,0,1,2,1,2,:4:0
0,1,0,2,0,1,2,1,2,:0:0
0,1,0,2,0,1,2,1,2,:2:0
0,1,0,2,0,1,2,1,2,:4:0
2,0,1,0,0,1,2,1,2,:1:-0.5
2,0,1,0,0,1,2,1,2,:3:0
2,0,1,0,0,1,2,1,2,:4:0
2,0,0,0,0,2,1,0,1,:1:0
2,0,0,0,0,2,1,0,1,:2:0
2,0,0,0,0,2,1,0,1,:3:0
2,0,0,0,0,2,1,0,1,:4:0
2,0,0,0,0,2,1,0,1,:7:0
2,2,0,1,0,2,1,0,1,:2:0
2,2,0,1,0,2,1,0,1,:4:0
2,2,0,1,0,2,1,0,1,:7:0
2,2,1,1,2,2,1,0,1,:7:0
1,0,2,2,0,2,0,1,1,:4:0.5
2,2,0,2,1,1,1,0,0,:2:0
2,2,0,2,1,1,1,0,0,:7:-0.5
2,2,0,2,1,1,1,0,0,:8:0
0,0,0,0,0,2,0,0,1,:0:0
0,0,0,0,0,2,0,0,1,:1:0
0,0,0,0,0,2,0,0,1,:2:0
0,0,0,0,0,2,0,0,1,:3:0
0,0,0,0,0,2,0,0,1,:4:0
0,0,0,0,0,2,0,0,1,:6:0
0,0,2,1,0,2,0,0,1,:0:0
0,0,2,1,0,2,0,0,1,:1:0
0,0,2,1,0,2,0,0,1,:4:0
0,0,2,1,0,2,0,0,1,:6:0
0,0,2,1,0,2,0,0,1,:7:0
0,0,2,1,0,2,1,2,1,:0:0.5
0,0,2,1,0,2,1,2,1,:1:0
0,0,2,1,0,2,1,2,1,:4:0
0,1,2,0,0,1,0,2,0,:3:0
0,1,2,1,0,1,0,2,2,:0:0
0,1,2,1,0,1,0,2,2,:4:0.5
0,1,2,1,0,1,0,2,2,:6:0
0,0,2,0,0,1,1,2,0,:4:0
2,0,2,0,1,1,1,2,0,:1:0
2,0,2,0,1,1,1,2,0,:3:-0.5
2,0,2,0,1,1,1,2,0,:8:0
0,1,2,2,0,0,1,0,0,:0:0
1,1,2,2,0,0,1,2,0,:4:0
1,1,2,2,0,0,1,2,0,:5:0
1,1,2,2,0,0,1,2,0,:8:0
1,1,2,2,0,1,1,2,2,:4:0
0,1,2,0,0,2,1,0,0,:3:0
0,1,2,1,2,2,1,0,0,:0:0
0,1,2,1,2,2,1,0,0,:7:-0.5
0,1,2,1,2,2,1,0,0,:8:0
2,0,2,0,1,0,0,1,0,:8:-0.5
2,0,2,0,1,2,0,1,1,:1:0.5
2,0,2,0,1,2,0,1,1,:3:0
2,0,2,0,1,2,0,1,1,:6:0
2,0,0,2,1,1,0,0,0,:1:-0.5
2,0,0,0,2,1,0,0,1,:1:0
2,0,0,0,2,1,0,0,1,:2:0
2,0,0,0,2,1,0,0,1,:3:0
2,0,0,0,2,1,0,0,1,:6:0
2,0,0,0,2,1,0,0,1,:7:0
2,1,0,2,2,1,0,0,1,:2:0.5
2,1,0,2,2,1,0,0,1,:6:0
2,1,0,2,2,1,0,0,1,:7:0
0,1,0,1,0,0,2,2,0,:8:0
2,1,0,1,0,0,2,2,1,:2:0
2,1,0,1,0,0,2,2,1,:5:0
2,1,1,1,2,0,2,2,1,:5:0
0,0,0,0,0,2,2,1,1,:0:0
0,0,0,0,0,2,2,1,1,:1:0
0,0,0,0,0,2,2,1,1,:2:0
0,0,0,0,0,2,2,1,1,:3:0
0,0,0,0,0,2,2,1,1,:4:0
2,0,1,0,0,2,2,1,1,:3:0
0,0,0,2,2,1,1,0,0,:0:0
0,0,0,2,2,1,1,0,0,:1:0
0,0,0,2,2,1,1,0,0,:2:0
0,0,0,2,2,1,1,0,0,:7:0
0,0,0,2,2,1,1,0,0,:8:0
2,0,1,2,2,1,1,0,0,:7:-0.25
2,2,0,0,0,0,1,0,1,:2:0
2,2,0,0,0,0,1,0,1,:3:0
2,2,0,0,0,0,1,0,1,:4:0
2,2,0,0,0,0,1,0,1,:5:0
2,2,0,0,0,0,1,0,1,:7:0
2,2,1,0,2,0,1,0,1,:3:0
2,2,1,0,2,0,1,0,1,:5:0.5
2,2,1,0,2,0,1,0,1,:7:0
0,2,0,0,0,1,0,2,1,:0:0
0,2,0,0,0,1,0,2,1,:2:0.5
0,2,0,0,0,1,0,2,1,:3:0
0,2,0,0,0,1,0,2,1,:4:0
0,2,0,0,0,1,0,2,1,:6:0
2,2,0,2,1,1,1,2,1,:2:0
0,2,0,1,1,0,0,2,0,:0:0
0,2,0,1,1,0,0,2,0,:2:0
0,2,0,1,1,0,0,2,0,:5:0
0,2,0,1,1,0,0,2,0,:6:0
0,2,0,1,1,0,0,2,0,:8:0
2,2,0,1,1,0,1,2,0,:2:0.5
0,0,1,2,0,2,1,0,0,:1:-0.25
0,0,0,0,1,1,2,0,2,:0:0
0,0,0,0,1,1,2,0,2,:1:0
0,0,0,0,1,1,2,0,2,:2:0
0,0,0,0,1,1,2,0,2,:3:0.5
0,0,0,0,1,1,2,0,2,:7:0
2,0,2,0,1,0,1,0,0,:1:0
2,1,2,0,1,0,1,2,0,:3:0
2,1,2,0,1,0,1,2,0,:5:0
2,1,2,0,1,0,1,2,0,:8:0
0,0,2,1,2,1,0,0,0,:6:0
1,0,0,2,2,1,1,2,0,:2:-0.5
1,0,0,2,2,1,1,2,0,:8:0
0,2,0,0,2,1,1,0,0,:0:0
0,2,0,0,2,1,1,0,0,:3:0
0,2,0,0,2,1,1,0,0,:7:0
0,2,0,0,2,1,1,0,0,:8:0
1,2,2,0,2,1,1,0,0,:7:0
1,2,2,0,2,1,1,1,2,:3:0
1,0,2,2,0,0,1,0,0,:1:0
1,0,2,2,0,0,1,0,0,:4:0
1,0,2,2,0,0,1,0,0,:5:0
1,0,2,2,0,0,1,0,0,:7:0
1,0,2,2,0,0,1,0,0,:8:0
1,0,2,2,0,2,1,1,0,:1:-0.5
0,0,2,0,0,0,0,0,1,:0:0
0,0,2,0,0,0,0,0,1,:1:0
0,0,2,0,0,0,0,0,1,:3:0
0,0,2,0,0,0,0,0,1,:4:0.1
0,0,2,0,0,0,0,0,1,:6:0
0,0,2,0,0,0,0,0,1,:7:0
0,0,2,2,0,0,1,0,1,:0:0
1,0,2,2,2,0,1,0,1,:5:0
1,0,2,2,2,0,1,0,1,:7:0
0,0,0,2,0,0,1,1,2,:0:0
0,0,0,2,0,0,1,1,2,:1:0
0,0,0,2,0,0,1,1,2,:2:0
0,0,0,2,0,0,1,1,2,:4:0
0,0,0,2,0,0,1,1,2,:5:0
0,1,0,2,2,0,1,1,2,:0:-0.125
1,2,0,0,0,0,2,1,0,:3:0
1,2,0,1,2,0,2,1,0,:2:0
1,2,1,1,2,2,2,1,0,:8:0
0,0,0,1,2,0,1,2,0,:0:0
0,0,0,1,2,0,1,2,0,:1:0
0,0,0,1,2,0,1,2,0,:2:0
0,0,0,1,2,0,1,2,0,:5:0
0,0,0,1,2,0,1,2,0,:8:0
2,1,0,1,2,0,1,2,0,:2:0
2,1,0,1,2,0,1,2,0,:5:-0.5
2,1,0,1,2,0,1,2,0,:8:0
0,1,1,0,2,2,0,0,0,:0:0
0,1,1,0,2,2,0,0,0,:3:0
0,1,1,0,2,2,0,0,0,:6:0
0,1,1,0,2,2,0,0,0,:7:-0.125
0,1,1,0,2,2,0,0,0,:8:0
0,2,1,0,0,2,1,0,0,:4:0.9921875
0,1,2,1,2,0,1,0,2,:5:0
0,1,2,1,2,1,1,2,2,:0:0
1,0,0,2,1,0,1,2,2,:5:0
1,0,2,2,1,1,1,2,2,:1:0
0,1,0,2,2,0,1,2,1,:2:0
2,1,1,2,2,0,1,2,1,:5:0
0,1,0,0,2,1,0,0,2,:6:0
1,1,2,0,2,1,1,2,2,:3:0
0,0,2,0,1,0,2,0,1,:0:0.75
0,0,2,0,1,0,2,0,1,:1:0
0,0,2,0,1,0,2,0,1,:3:0
0,0,2,0,1,0,2,0,1,:5:0
0,0,2,0,1,0,2,0,1,:7:0
2,2,1,0,0,0,1,0,0,:3:0
2,2,1,0,0,0,1,0,0,:4:0
2,2,1,0,0,0,1,0,0,:5:0
2,2,1,0,0,0,1,0,0,:7:0
2,2,1,0,0,0,1,0,0,:8:0
2,2,1,2,0,1,1,0,0,:4:0
2,2,1,2,0,1,1,0,0,:7:0
2,2,1,2,0,1,1,0,0,:8:0
2,2,1,2,0,1,1,1,2,:4:0
0,0,0,1,1,0,2,0,2,:0:0
0,0,0,1,1,0,2,0,2,:2:0
0,0,0,1,1,0,2,0,2,:5:0.5
0,0,0,1,1,0,2,0,2,:7:0
2,2,0,1,0,0,1,0,0,:2:0
2,2,0,1,0,0,1,0,0,:4:0
2,2,0,1,0,0,1,0,0,:5:0
2,2,0,1,0,0,1,0,0,:7:0
2,2,0,1,0,0,1,0,0,:8:0
2,2,1,1,2,0,1,0,0,:5:0
2,2,1,1,2,0,1,0,0,:7:0
2,2,1,1,2,0,1,0,0,:8:0
0,0,1,0,2,1,0,0,2,:0:0
0,0,1,0,2,1,0,0,2,:1:0
0,0,1,0,2,1,0,0,2,:3:-0.5
0,0,1,0,2,1,0,0,2,:6:0
0,0,1,0,2,1,0,0,2,:7:0
0,0,0,0,1,1,0,2,2,:2:-0.5
2,0,0,2,0,1,1,0,0,:7:0
2,0,0,2,0,1,1,1,2,:2:0
0,0,0,1,2,1,0,0,2,:0:0
0,0,0,1,2,1,0,0,2,:1:0
0,0,0,1,2,1,0,0,2,:2:0
0,0,0,1,2,1,0,0,2,:6:0
0,0,0,1,2,1,0,0,2,:7:0
0,2,1,1,2,1,0,0,2,:6:-0.75
2,1,2,0,0,0,1,0,0,:3:0
2,1,2,0,0,0,1,0,0,:4:0
2,1,2,0,0,0,1,0,0,:5:0
2,1,2,0,0,0,1,0,0,:7:0
2,1,2,0,0,0,1,0,0,:8:0
2,1,2,1,0,0,1,2,0,:4:0
2,1,2,1,0,0,1,2,0,:5:0
2,1,2,1,0,0,1,2,0,:8:0
1,0,2,2,0,2,1,0,1,:4:0.5
0,2,1,0,0,0,1,2,0,:0:0
1,2,1,0,0,2,1,2,0,:3:0
1,2,1,0,0,2,1,2,0,:4:0.5
1,2,1,0,0,2,1,2,0,:8:0
2,2,0,0,0,0,1,1,0,:5:-0.5
2,2,0,0,0,0,1,1,0,:8:0.5
0,0,0,0,2,0,1,1,2,:2:0
0,0,1,2,2,0,1,1,2,:0:-0.75
0,0,1,2,2,0,1,1,2,:1:0
0,0,1,2,2,0,1,1,2,:5:0
1,2,0,2,0,0,1,0,0,:8:0
1,2,0,2,2,0,1,0,1,:2:-0.75
1,2,0,2,2,0,1,0,1,:5:0
1,2,0,2,2,0,1,0,1,:7:0
0,0,0,0,2,0,1,1,2,:0:0
0,0,0,0,2,0,1,1,2,:1:0
0,0,0,0,2,0,1,1,2,:3:0
0,0,0,0,2,0,1,1,2,:5:0
0,0,0,1,2,2,1,1,2,:0:0
0,0,0,1,2,2,1,1,2,:1:-0.5
0,0,0,1,2,2,1,1,2,:2:0
0,0,2,1,0,0,2,0,1,:1:0
0,1,2,1,0,2,2,0,1,:0:0
0,1,2,1,0,2,2,0,1,:4:0
0,1,2,1,0,2,2,0,1,:7:0
0,1,2,1,1,2,2,2,1,:0:0
0,0,1,2,2,1,1,2,0,:0:0
1,0,1,2,2,1,1,2,2,:1:0
0,0,1,2,0,1,0,0,2,:0:0
0,0,1,2,0,1,0,0,2,:1:0
0,0,1,2,0,1,0,0,2,:4:0
0,0,1,2,0,1,0,0,2,:6:0
0,0,1,2,0,1,0,0,2,:7:0
2,1,1,2,0,1,0,0,2,:6:0
0,0,1,2,2,1,0,0,0,:0:0
0,0,1,2,2,1,0,0,0,:1:0
0,0,1,2,2,1,0,0,0,:6:0
0,0,1,2,2,1,0,0,0,:7:0
0,0,1,2,2,1,0,0,0,:8:0
1,0,1,2,2,1,0,2,0,:6:-0.5
2,0,0,0,1,0,1,0,2,:3:0
2,2,0,1,1,0,1,0,2,:2:0.5
2,2,0,1,1,0,1,0,2,:5:0
2,2,0,1,1,0,1,0,2,:7:0
0,1,1,2,2,0,0,0,0,:0:0.5
0,1,1,2,2,0,0,0,0,:5:0
0,1,1,2,2,0,0,0,0,:6:0
0,1,1,2,2,0,0,0,0,:7:0
0,1,1,2,2,0,0,0,0,:8:0
0,1,1,2,0,0,0,0,2,:0:0.5
0,1,1,2,0,0,0,0,2,:4:0
0,1,1,2,0,0,0,0,2,:5:0
0,1,1,2,0,0,0,0,2,:6:0
0,1,1,2,0,0,0,0,2,:7:0
0,1,1,2,0,1,0,2,2,:6:0
2,0,2,0,0,1,0,1,0,:1:0
2,0,2,0,0,1,0,1,0,:3:0
2,0,2,0,0,1,0,1,0,:4:0
2,0,2,0,0,1,0,1,0,:6:0
2,0,2,0,0,1,0,1,0,:8:0
0,0,0,2,0,0,0,0,1,:2:0
0,0,1,2,0,0,2,0,1,:5:-0.5
0,1,1,1,2,0,2,0,2,:0:0.5
2,1,1,2,0,1,0,2,0,:4:-0.5
2,1,1,2,0,1,0,2,0,:6:0
2,1,1,2,0,1,0,2,0,:8:0
0,0,1,0,0,1,2,2,0,:3:-0.25
1,1,2,0,0,0,2,0,0,:3:0
1,0,1,1,2,0,0,2,2,:1:0.5
1,0,1,1,2,0,0,2,2,:5:0
1,0,1,1,2,0,0,2,2,:6:0
1,1,2,0,2,0,0,2,1,:3:0
2,2,0,1,0,0,2,1,1,:5:-0.5
1,1,2,0,0,0,0,0,2,:3:0
1,1,2,0,0,0,0,0,2,:4:0
1,1,2,0,0,0,0,0,2,:5:0
1,1,2,0,0,0,0,0,2,:6:0
1,1,2,0,0,0,0,0,2,:7:0
2,1,1,0,0,2,0,0,0,:3:0
2,1,1,0,0,2,0,0,0,:4:0
2,1,1,0,0,2,0,0,0,:7:0
2,1,1,0,0,2,0,0,0,:8:0
2,1,1,0,0,2,0,1,2,:3:0
2,1,1,0,0,2,0,1,2,:4:0.5
2,1,1,0,0,2,0,1,2,:6:0
2,1,1,1,0,2,2,1,2,:4:0
1,0,0,2,2,0,0,0,1,:2:0
1,0,1,2,2,0,2,0,1,:7:0
1,2,1,2,2,0,2,1,1,:5:0
0,0,0,2,1,1,2,0,0,:0:0
0,0,0,2,1,1,2,0,0,:7:0
0,0,0,2,1,1,2,0,0,:8:0
1,0,1,2,0,2,0,0,0,:4:0
1,0,1,2,1,2,2,0,0,:1:0
1,0,1,2,1,2,2,0,0,:7:0
1,0,1,2,1,2,2,0,0,:8:0
2,0,2,1,0,1,1,0,2,:1:-0.75
2,0,2,1,0,1,1,0,2,:4:0
2,0,2,1,0,1,1,0,2,:7:0
0,1,0,0,0,2,1,0,2,:4:0
0,1,0,2,1,2,1,0,2,:7:0.75
1,1,0,2,0,0,0,2,0,:5:0.4
2,1,0,2,0,0,0,1,0,:2:0
2,1,0,2,0,0,0,1,0,:4:0
2,1,0,2,0,0,0,1,0,:6:0
2,1,0,2,0,0,0,1,0,:8:0
2,1,0,2,0,1,0,1,2,:6:-0.5
1,0,2,0,0,2,1,2,1,:1:0
1,1,2,0,2,2,1,2,1,:3:0
2,0,0,0,2,1,1,0,0,:1:0
2,0,0,0,2,1,1,0,0,:2:0
2,0,0,0,2,1,1,0,0,:3:0
2,0,0,0,2,1,1,0,0,:7:0
2,0,0,0,2,1,1,0,0,:8:0
2,0,0,2,2,1,1,1,0,:1:-0.5
2,0,0,2,2,1,1,1,0,:2:-0.5
2,0,0,2,2,1,1,1,0,:8:0
0,0,2,1,2,1,1,2,0,:0:0.5
1,2,1,2,0,0,2,0,1,:4:0
1,2,1,2,0,0,2,0,1,:5:0.5
1,2,1,2,0,0,2,0,1,:7:0
2,0,0,0,1,1,2,0,0,:8:0
2,0,2,0,1,1,2,0,1,:3:-0.5
2,0,1,0,1,2,0,0,0,:1:0
2,0,1,0,1,2,0,0,0,:6:0.5
2,0,1,0,1,2,0,0,0,:7:0
2,0,1,0,1,2,0,0,0,:8:0
0,2,0,0,1,0,1,0,2,:7:0
2,2,0,0,1,0,1,1,2,:2:0
2,2,0,0,1,0,1,1,2,:3:-0.5
2,2,0,0,1,0,1,1,2,:5:0
0,2,0,1,0,0,0,2,1,:0:0
0,2,0,1,0,0,0,2,1,:2:0
0,2,0,1,0,0,0,2,1,:4:0
0,2,0,1,0,0,0,2,1,:5:0
0,2,0,1,0,0,0,2,1,:6:0
1,2,0,1,0,2,0,2,1,:4:0.75
0,2,0,0,1,2,1,0,0,:0:0
1,2,0,0,1,2,1,2,0,:2:0.5
1,2,0,0,1,2,1,2,0,:3:0
1,2,0,0,1,2,1,2,0,:8:0
2,2,1,0,0,0,0,0,1,:3:0
2,2,1,0,0,0,0,0,1,:4:0
2,2,1,0,0,0,0,0,1,:5:0
2,2,1,0,0,0,0,0,1,:6:0
2,2,1,0,0,0,0,0,1,:7:0
2,2,1,0,1,0,0,2,1,:3:0
2,2,1,1,1,2,0,2,1,:6:0
0,0,1,2,0,2,1,0,0,:0:0
0,0,1,2,0,2,1,0,0,:4:0
0,0,1,2,0,2,1,0,0,:7:0
0,0,1,2,0,2,1,0,0,:8:0
2,1,1,2,0,2,1,0,0,:4:0.75
2,0,1,0,0,2,1,0,0,:1:0.2
2,0,1,0,0,2,1,0,0,:3:0
2,0,1,0,0,2,1,0,0,:4:0.875
2,0,1,0,0,2,1,0,0,:7:0
2,0,1,0,0,2,1,0,0,:8:0
2,1,1,2,0,2,1,0,0,:7:0
2,1,1,2,0,2,1,0,0,:8:0
0,0,0,1,0,0,0,0,2,:0:0
0,0,0,1,0,0,0,0,2,:1:0
0,0,0,1,0,0,0,0,2,:2:0
0,0,0,1,0,0,0,0,2,:4:0
0,0,0,1,0,0,0,0,2,:5:0
0,0,0,1,0,0,0,0,2,:6:0
0,0,0,1,0,0,0,0,2,:7:0
2,0,1,1,0,0,0,0,2,:1:0
2,0,1,1,0,0,0,0,2,:4:0
2,0,1,1,0,0,0,0,2,:5:0
2,0,1,1,0,0,0,0,2,:6:0
2,0,1,1,0,0,0,0,2,:7:-0.5
2,2,1,1,0,1,0,0,2,:7:-0.5
1,0,0,0,1,2,0,0,2,:6:0.2
0,1,0,1,0,0,2,0,2,:0:0
0,1,0,1,0,0,2,0,2,:2:0
0,1,0,1,0,0,2,0,2,:4:0
0,1,0,1,0,0,2,0,2,:5:0
0,1,0,1,0,0,2,0,2,:7:0
0,1,2,1,0,1,2,0,2,:0:-0.75
1,1,2,1,2,0,0,2,0,:6:0.5
0,2,1,2,0,2,1,1,0,:8:0.5
0,0,2,1,0,0,0,2,1,:0:0
0,0,2,1,0,0,0,2,1,:1:0
0,0,2,1,0,0,0,2,1,:4:0
0,0,2,1,0,0,0,2,1,:5:0
0,0,2,1,0,0,0,2,1,:6:0
1,0,2,1,0,2,0,2,1,:1:0
1,0,2,1,0,2,0,2,1,:4:0.5
1,0,2,1,0,2,0,2,1,:6:0
0,1,1,0,2,2,0,1,2,:6:-0.75
2,1,2,1,0,1,0,2,0,:6:0
2,1,2,1,0,1,0,2,0,:8:0
0,1,0,2,2,1,0,1,2,:0:0
0,1,0,2,2,1,0,1,2,:2:0
2,0,1,2,0,0,1,0,0,:8:0
2,0,1,2,2,0,1,0,1,:1:0
2,0,1,2,2,0,1,0,1,:5:0.875
2,0,1,2,2,0,1,0,1,:7:-0.5
0,1,0,1,2,1,2,2,0,:0:-0.5
0,1,0,1,2,1,2,2,0,:2:0
0,1,0,1,2,1,2,2,0,:8:0
2,0,0,0,0,2,1,1,0,:3:0
2,0,0,1,0,2,1,1,2,:2:0
0,1,0,0,0,2,2,1,0,:0:0
0,1,0,0,0,2,2,1,0,:2:0
0,1,0,0,0,2,2,1,0,:4:0.5
0,1,0,0,0,2,2,1,0,:8:0
0,1,2,2,0,0,1,0,0,:4:0
0,1,2,2,0,0,1,0,0,:5:0
0,1,2,2,0,0,1,0,0,:7:0
0,1,2,2,0,0,1,0,0,:8:0
0,1,2,2,2,1,1,0,0,:0:0
0,0,0,0,2,1,0,1,2,:2:-0.5
0,2,0,0,1,0,1,0,2,:2:0.75
0,0,1,0,2,0,1,2,0,:0:0
0,0,1,0,2,0,1,2,0,:1:0
0,0,1,0,2,0,1,2,0,:3:0
0,0,1,0,2,0,1,2,0,:5:-0.75
0,0,1,0,2,0,1,2,0,:8:0
2,0,0,0,2,0,1,0,1,:1:0
2,0,0,0,2,0,1,0,1,:2:0
2,0,0,0,2,0,1,0,1,:3:0
2,0,0,0,2,0,1,0,1,:5:0
2,0,0,0,2,0,1,0,1,:7:0.5
2,0,1,0,2,0,1,2,1,:3:0
2,0,1,1,2,2,1,2,1,:1:0
0,2,0,0,0,0,1,1,2,:0:0
1,2,0,0,0,2,1,1,2,:2:0
1,2,0,0,0,2,1,1,2,:3:0.5
1,2,0,0,0,2,1,1,2,:4:0
0,2,2,0,1,1,0,0,0,:0:0
0,2,2,0,1,1,0,0,0,:3:0.5
0,2,2,0,1,1,0,0,0,:6:0
0,2,2,0,1,1,0,0,0,:7:0
0,2,2,0,1,1,0,0,0,:8:0
0,0,2,2,1,1,0,0,0,:0:0
0,0,2,2,1,1,0,0,0,:1:0
0,0,2,2,1,1,0,0,0,:6:0
0,0,2,2,1,1,0,0,0,:8:0
1,0,2,2,1,1,0,2,0,:6:0
1,0,2,2,1,1,0,2,0,:8:0
1,2,2,0,0,2,1,1,0,:3:0
1,2,2,0,0,2,1,1,0,:4:0
1,2,2,0,0,2,1,1,0,:8:0
1,2,2,2,1,2,1,1,0,:8:0
0,1,0,2,2,0,0,1,0,:6:0
0,1,0,2,2,0,1,1,2,:2:0
0,1,0,2,2,0,1,1,2,:5:0
2,0,0,2,1,0,1,1,2,:1:0
2,0,0,2,1,0,1,1,2,:2:0.5
2,0,0,2,1,0,1,1,2,:5:0
0,0,2,0,1,0,0,2,1,:5:0
0,2,2,0,1,1,0,2,1,:0:0.5
0,2,2,0,1,1,0,2,1,:3:0
0,2,2,0,1,1,0,2,1,:6:0
0,1,0,2,0,0,2,0,1,:0:0
0,1,0,2,0,0,2,0,1,:2:-0.2
0,1,0,2,0,0,2,0,1,:4:0
0,1,0,2,0,0,2,0,1,:5:0
0,1,0,2,0,0,2,0,1,:7:0
0,1,2,1,2,1,0,0,2,:0:0
0,0,1,0,0,0,2,2,1,:3:0
0,2,1,1,0,0,2,2,1,:0:0
0,2,1,1,0,0,2,2,1,:4:0
0,2,1,1,0,0,2,2,1,:5:0
0,0,0,2,0,0,0,0,1,:5:0
1,0,2,2,0,1,0,2,1,:1:0
0,1,0,1,0,0,2,2,0,:2:0
0,1,0,1,0,0,2,2,0,:4:0
0,1,0,1,0,0,2,2,0,:5:0
0,1,2,1,1,0,2,0,2,:5:0.75
1,0,2,0,0,1,0,0,2,:1:0
1,1,2,0,0,1,0,2,2,:3:-0.5
2,0,0,0,0,0,1,1,2,:1:0
2,0,0,0,0,0,1,1,2,:2:0
2,0,0,0,0,0,1,1,2,:3:0
2,0,0,0,0,0,1,1,2,:4:0
2,0,0,0,0,0,1,1,2,:5:0
2,0,0,0,1,2,1,1,2,:1:0
2,0,0,0,1,2,1,1,2,:2:0.5
2,0,0,0,1,2,1,1,2,:3:0
2,1,0,0,0,1,0,0,2,:2:0
2,0,1,0,0,0,1,0,2,:4:0.75
2,1,1,0,0,1,0,2,2,:3:-0.5
2,1,1,0,0,1,0,2,2,:4:0
2,1,1,0,0,1,0,2,2,:6:0
0,1,0,2,0,0,0,1,2,:5:0
0,1,2,2,0,1,0,1,2,:4:0.5
0,1,0,2,0,2,1,0,0,:8:0
2,1,0,2,0,2,1,0,1,:2:-0.5
2,1,0,1,2,0,0,0,0,:2:0
2,1,0,1,2,0,0,0,0,:5:0
2,1,0,1,2,0,0,0,0,:6:0
2,1,0,1,2,0,0,0,0,:7:-0.5
2,1,0,1,2,0,0,0,0,:8:0
2,1,1,1,2,2,0,0,0,:6:-0.5
2,2,1,2,1,0,0,1,0,:6:0.75
0,1,0,2,0,0,1,2,0,:4:0
0,1,2,2,1,0,1,2,0,:5:0
2,0,1,0,2,0,0,0,1,:1:0
2,0,1,0,2,0,0,0,1,:3:0
2,0,1,0,2,0,0,0,1,:5:0
2,0,1,0,2,0,0,0,1,:6:0
2,0,1,0,2,0,0,0,1,:7:0
2,1,1,0,2,0,2,0,1,:7:-0.5
1,0,2,0,0,1,0,2,0,:1:0
1,0,2,0,0,1,0,2,0,:3:0
1,0,2,0,0,1,0,2,0,:4:0
1,0,2,0,0,1,0,2,0,:6:0
1,0,2,0,0,1,0,2,0,:8:0
1,0,2,0,0,1,1,2,2,:3:0.5
0,2,0,1,2,1,0,0,0,:0:0
0,2,0,1,2,1,0,0,0,:2:0
0,2,0,1,2,1,0,0,0,:6:0
0,2,0,1,2,1,0,0,0,:7:0
0,2,0,1,2,1,0,0,0,:8:0
1,2,2,1,2,1,0,0,0,:6:0
1,2,2,1,2,1,0,0,0,:7:-0.5
1,2,2,1,2,1,0,0,0,:8:0
0,0,0,0,2,1,2,0,1,:3:0
0,2,0,1,2,1,2,0,1,:7:0
1,0,0,2,2,1,1,0,2,:1:0
1,0,0,2,2,1,1,0,2,:2:0
1,0,0,2,2,1,1,0,2,:7:0
0,0,2,1,0,0,2,0,1,:0:0
0,0,2,1,0,0,2,0,1,:4:0
0,0,2,1,0,0,2,0,1,:5:0
0,0,2,1,0,0,2,0,1,:7:0
0,0,2,1,0,1,2,2,1,:1:0
0,0,1,1,0,2,0,0,2,:7:0
0,0,1,1,2,2,0,1,2,:0:0
0,0,1,1,2,2,0,1,2,:1:-0.5
0,0,1,1,2,2,0,1,2,:6:0
0,0,1,2,2,0,0,0,1,:5:0.5
1,2,1,0,2,0,0,0,0,:3:0
1,2,1,0,2,0,0,0,0,:5:0
1,2,1,0,2,0,0,0,0,:6:0
1,2,1,0,2,0,0,0,0,:7:0
1,2,1,0,2,0,0,0,0,:8:0
1,2,1,2,2,1,0,0,0,:6:-0.5
1,2,1,2,2,1,0,0,0,:7:0
1,2,1,2,2,1,0,0,0,:8:0
2,1,1,0,0,2,0,2,1,:3:0
2,1,1,0,0,2,0,2,1,:4:0
2,1,1,0,0,2,0,2,1,:6:0
2,1,1,0,1,2,2,2,1,:3:0
0,2,0,1,0,1,0,0,2,:0:0
0,2,0,1,0,1,0,0,2,:2:0
0,2,0,1,0,1,0,0,2,:4:0
0,2,0,1,0,1,0,0,2,:6:0
0,2,0,1,0,1,0,0,2,:7:0
1,2,0,1,0,1,2,0,2,:2:0
1,2,0,1,0,1,2,0,2,:4:0.5
1,2,0,1,0,1,2,0,2,:7:0
1,0,0,1,0,2,2,0,0,:2:0
1,0,1,1,0,2,2,2,0,:1:0.5
0,2,1,0,0,2,1,0,0,:0:0
0,2,1,0,0,2,1,0,0,:3:0
0,2,1,0,0,2,1,0,0,:7:0
0,2,1,0,0,2,1,0,0,:8:0
1,0,0,0,2,1,0,2,0,:2:0
1,0,1,0,2,1,2,2,0,:1:0.5
0,2,0,1,0,0,0,1,2,:6:0
2,2,0,1,0,0,1,1,2,:2:0
0,1,2,1,0,0,0,2,0,:0:0
0,1,2,1,0,0,0,2,0,:4:0
0,1,2,1,0,0,0,2,0,:5:0
0,1,2,1,0,0,0,2,0,:6:0
0,1,2,1,0,0,0,2,0,:8:0
1,1,2,1,0,2,0,2,0,:8:0
0,0,1,0,2,1,2,0,0,:1:0
0,1,1,0,2,1,2,2,0,:8:0.5
1,0,2,0,2,0,1,2,1,:5:0
0,2,1,1,0,1,2,2,0,:0:0
0,2,1,1,0,1,2,2,0,:4:0.5
0,2,1,1,0,1,2,2,0,:8:0
1,0,0,0,2,0,2,0,1,:1:0
1,0,0,0,2,0,2,0,1,:2:0
1,0,0,0,2,0,2,0,1,:3:0
1,0,0,0,2,0,2,0,1,:5:0
1,0,0,0,2,0,2,0,1,:7:0
1,0,0,1,2,0,2,2,1,:5:-0.5
1,0,1,0,0,2,0,0,2,:3:0
1,2,1,1,0,2,0,0,2,:4:0
1,1,0,2,0,0,0,2,0,:2:0
1,1,0,2,0,0,0,2,0,:4:0
1,1,0,2,0,0,0,2,0,:6:0
1,1,0,2,0,0,0,2,0,:8:0
1,0,2,2,0,0,0,0,1,:7:0
1,0,2,2,2,0,0,1,1,:1:-0.5
1,0,2,2,2,0,0,1,1,:5:0
1,0,2,2,2,0,0,1,1,:6:0
2,0,0,0,1,1,0,2,0,:2:0
2,0,1,0,1,1,2,2,0,:1:-0.5
0,2,1,0,2,0,0,1,0,:0:0
0,2,1,0,2,0,0,1,0,:5:0
0,2,1,0,2,0,0,1,0,:6:0
0,2,1,0,2,0,0,1,0,:8:0
0,2,1,2,2,0,1,1,0,:8:-0.5
0,2,1,0,0,2,0,1,0,:8:0
2,2,1,0,0,2,0,1,1,:3:0
2,2,1,0,0,2,0,1,1,:4:0
2,2,1,0,0,2,0,1,1,:6:0
1,0,0,0,0,1,2,0,2,:4:0
1,2,0,0,1,1,2,0,2,:3:0
1,2,0,0,1,1,2,0,2,:7:0
0,1,1,0,2,2,0,1,2,:0:0
0,1,1,0,2,2,0,1,2,:3:0
0,1,0,0,0,1,2,0,2,:0:0
0,1,0,0,0,1,2,0,2,:3:-0.5
0,1,0,0,0,1,2,0,2,:4:0
0,1,0,0,0,1,2,0,2,:7:0
2,1,0,1,0,0,0,2,0,:8:0
2,1,2,1,0,0,0,2,1,:4:0
2,1,2,1,0,0,0,2,1,:5:0
2,1,2,1,0,0,0,2,1,:6:0
1,2,2,1,0,1,0,2,0,:4:0.5
1,2,2,1,0,1,0,2,0,:6:0.75
1,2,2,1,0,1,0,2,0,:8:0
0,0,2,2,0,1,0,0,1,:0:0
0,0,2,2,0,1,0,0,1,:1:0
0,0,2,2,0,1,0,0,1,:4:0
0,0,2,2,0,1,0,0,1,:6:0
0,0,2,2,0,1,0,0,1,:7:0
0,2,2,2,1,1,0,0,1,:0:0.5
0,2,2,2,1,1,0,0,1,:6:0
0,2,2,2,1,1,0,0,1,:7:0
0,0,2,1,0,1,0,0,2,:1:0
0,1,2,1,0,1,2,0,2,:4:0
0,1,2,1,0,1,2,0,2,:7:0
0,0,0,0,2,1,2,1,0,:0:0
0,0,0,0,2,1,2,1,0,:1:0
0,0,0,0,2,1,2,1,0,:2:0
0,0,0,0,2,1,2,1,0,:3:0
0,0,0,0,2,1,2,1,0,:8:0
0,2,0,1,2,1,2,1,0,:0:-0.5
0,2,0,1,2,1,2,1,0,:2:0
0,2,0,1,2,1,2,1,0,:8:0
2,0,2,0,0,1,0,0,1,:7:0
2,0,2,0,0,1,2,1,1,:1:0
2,0,2,0,0,1,2,1,1,:3:-0.5
2,0,2,0,0,1,2,1,1,:4:0
2,0,0,1,2,0,0,0,1,:1:0
2,0,0,1,2,0,0,0,1,:2:0
2,0,0,1,2,0,0,0,1,:5:0
2,0,0,1,2,0,0,0,1,:6:0
2,0,0,1,2,0,0,0,1,:7:0
2,2,0,1,2,1,0,0,1,:2:-0.5
2,2,0,1,2,1,0,0,1,:6:0
2,2,0,1,2,1,0,0,1,:7:0
0,0,1,2,0,1,2,0,0,:0:0.2
0,0,1,2,0,1,2,0,0,:1:0
0,0,1,2,0,1,2,0,0,:4:0
0,0,1,2,0,1,2,0,0,:8:0
1,0,1,2,2,1,2,0,0,:8:0.5
0,0,1,0,2,1,2,0,0,:0:0.2
0,0,1,0,2,1,2,0,0,:3:0
0,0,1,0,2,1,2,0,0,:7:0
0,0,1,0,2,1,2,0,0,:8:0
0,0,2,1,1,0,2,0,0,:0:0
0,0,2,1,1,0,2,0,0,:1:0
0,0,2,1,1,0,2,0,0,:5:0
0,0,2,1,1,0,2,0,0,:7:0
0,0,2,1,1,0,2,0,0,:8:0
0,1,2,1,1,2,2,0,0,:0:0
0,1,2,1,1,2,2,0,0,:7:0.5
0,1,2,1,1,2,2,0,0,:8:0
0,1,0,0,2,1,0,2,0,:2:0
2,1,1,0,2,1,0,2,0,:3:0
2,1,1,0,2,1,0,2,0,:6:0
2,1,1,0,2,1,0,2,0,:8:0
0,1,2,0,0,2,0,1,0,:0:0
0,1,2,0,0,2,0,1,0,:3:0
0,1,2,0,0,2,0,1,0,:4:0
0,1,2,0,0,2,0,1,0,:6:0
0,1,2,0,0,2,0,1,0,:8:0
0,1,2,1,0,2,2,1,0,:0:0
0,1,2,1,0,2,2,1,0,:4:0.5
2,0,1,2,2,1,1,0,0,:1:0
2,0,1,2,2,1,1,0,0,:8:0
1,0,0,2,0,2,2,1,1,:1:0
1,0,0,2,0,2,2,1,1,:2:0
1,0,0,2,0,2,2,1,1,:4:0
1,1,2,2,0,2,2,1,1,:4:0
0,0,0,2,2,0,1,1,0,:0:0
0,0,0,2,2,0,1,1,0,:1:0
0,0,0,2,2,0,1,1,0,:2:0
0,0,0,2,2,0,1,1,0,:8:0
0,0,2,2,2,1,1,1,0,:0:0
0,1,1,2,0,0,2,2,1,:5:-0.5
0,0,1,0,2,0,1,0,2,:0:0
0,0,1,0,2,0,1,0,2,:1:0
0,0,1,0,2,0,1,0,2,:3:-0.5
0,0,1,0,2,0,1,0,2,:5:0
0,0,1,0,2,0,1,0,2,:7:0
0,2,1,1,0,1,0,2,2,:4:0.5
0,0,0,1,2,1,0,2,0,:0:0
0,1,2,0,0,2,1,0,0,:0:0
0,1,2,0,0,2,1,0,0,:4:0
0,1,2,0,0,2,1,0,0,:7:0
0,1,2,0,0,2,1,0,0,:8:0
2,1,2,0,0,2,1,1,0,:3:0
2,1,2,0,0,2,1,1,0,:4:0.5
2,1,2,0,0,2,1,1,0,:8:0
1,1,0,2,0,0,2,1,2,:5:0
0,1,2,2,0,2,1,0,1,:0:0
0,1,2,2,0,2,1,0,1,:4:0
0,1,2,2,0,2,1,0,1,:7:0
2,1,2,2,1,2,1,0,1,:7:0
1,1,0,0,0,2,0,2,0,:2:0.75
1,1,0,0,0,2,0,2,0,:3:0
1,1,0,0,0,2,0,2,0,:4:0
1,1,0,0,0,2,0,2,0,:6:0
1,1,0,0,0,2,0,2,0,:8:0
0,0,2,0,0,0,2,1,1,:0:0
0,0,2,0,0,0,2,1,1,:1:0
0,0,2,0,0,0,2,1,1,:3:0
0,0,2,0,0,0,2,1,1,:4:0
0,0,2,0,0,0,2,1,1,:5:0
1,0,2,2,0,0,2,1,1,:5:0
1,2,2,2,0,1,2,1,1,:4:0
2,0,1,1,0,0,2,0,0,:1:0
2,1,1,1,2,2,2,0,1,:7:0
2,1,0,0,0,2,0,0,1,:4:0
2,1,0,2,1,2,0,0,1,:2:-0.5
0,2,2,0,1,0,2,1,1,:0:0.5
0,2,2,0,1,0,2,1,1,:3:0
0,2,2,0,1,0,2,1,1,:5:0
0,1,0,0,1,0,2,0,2,:5:-0.5
0,2,0,1,0,0,1,2,0,:0:0.5
0,2,0,1,0,0,1,2,0,:2:0
0,2,0,1,0,0,1,2,0,:4:0
0,2,0,1,0,0,1,2,0,:5:0
0,2,0,1,0,0,1,2,0,:8:0
0,2,1,1,0,2,1,2,0,:4:0.5
0,2,0,2,1,1,0,0,0,:2:0
0,2,1,2,1,1,0,0,2,:6:0.5
1,0,2,2,1,0,0,0,0,:8:0.75
2,0,1,1,2,0,0,0,0,:1:-0.5
0,2,1,0,0,0,1,0,2,:0:0
0,2,1,0,0,0,1,0,2,:3:0
0,2,1,0,0,0,1,0,2,:4:0
0,2,1,0,0,0,1,0,2,:5:0
0,2,1,0,0,0,1,0,2,:7:0
0,2,1,1,2,0,1,0,2,:0:0.5
0,2,1,1,2,0,1,0,2,:5:-0.5
0,2,1,1,2,0,1,0,2,:7:0
0,2,2,1,0,0,1,0,0,:8:0
0,2,2,1,0,0,1,2,1,:0:0.5
0,0,1,0,0,2,1,2,0,:4:0.75
0,1,2,0,0,0,1,2,0,:0:0
0,1,2,0,0,0,1,2,0,:3:0
0,1,2,0,0,0,1,2,0,:4:0
0,1,2,0,0,0,1,2,0,:5:0
0,1,2,0,0,0,1,2,0,:8:0
0,1,2,2,0,1,1,2,0,:4:0
0,1,0,2,1,0,1,2,2,:5:0
0,1,0,0,0,2,1,0,2,:0:0
1,1,0,0,2,2,1,0,2,:2:0.5
1,1,0,0,2,2,1,0,2,:3:0
1,1,0,0,2,2,1,0,2,:7:0
0,0,1,0,2,2,1,0,0,:0:-0.5
0,0,1,0,2,2,1,0,0,:1:-0.25
0,0,1,0,2,2,1,0,0,:3:0
0,0,1,0,2,2,1,0,0,:7:0
0,0,1,0,2,2,1,0,0,:8:0
2,0,1,0,1,0,0,0,2,:1:0
2,0,1,0,1,0,0,0,2,:3:0
2,0,1,0,1,0,0,0,2,:5:0
2,0,1,0,1,0,0,0,2,:6:0
2,0,1,0,1,0,0,0,2,:7:0
2,0,1,0,1,1,0,2,2,:6:0.5
2,1,0,0,0,2,1,0,0,:2:0.15
2,1,1,2,0,2,1,2,1,:4:0
0,0,1,1,2,2,1,2,0,:0:0.5
0,0,2,0,2,1,1,0,0,:0:0
1,0,2,0,2,1,1,0,2,:7:0
0,2,1,0,2,1,0,0,0,:3:0
0,2,1,1,2,1,0,0,2,:0:0
0,2,1,1,2,1,0,0,2,:7:0
1,1,0,1,2,0,2,2,0,:2:0.5
2,2,0,0,0,1,0,0,1,:2:0.5
1,0,1,0,2,2,0,0,0,:1:0.5
1,0,0,0,1,2,2,0,0,:2:0
1,2,1,0,1,2,2,0,0,:3:0
1,2,1,0,1,2,2,0,0,:7:0
1,2,1,0,1,2,2,0,0,:8:0
2,1,0,0,0,0,1,2,0,:2:0.2
2,1,0,0,0,0,1,2,0,:3:0
2,1,0,0,0,0,1,2,0,:4:0
2,1,0,0,0,0,1,2,0,:5:0
2,1,0,0,0,0,1,2,0,:8:0
2,0,1,2,0,0,1,0,0,:5:0
2,0,1,2,0,1,1,0,2,:1:0
2,0,1,2,0,1,1,0,2,:4:0.5
2,0,1,2,0,1,1,0,2,:7:0
0,2,0,1,2,0,1,0,0,:0:0
0,2,0,1,2,0,1,0,0,:2:0.2
0,2,0,1,2,0,1,0,0,:5:0
0,2,0,1,2,0,1,0,0,:7:0
0,2,0,1,2,0,1,0,0,:8:0
0,0,0,0,1,0,2,2,1,:0:0.5
0,2,2,1,2,0,1,1,0,:0:0.5
0,2,2,1,2,0,1,1,0,:5:0
0,2,2,1,2,0,1,1,0,:8:0
0,1,0,2,2,0,1,0,0,:2:0
2,0,0,0,1,0,0,0,0,:7:0
2,2,0,0,1,0,0,1,0,:2:0
2,2,0,0,1,0,0,1,0,:3:0
2,2,0,0,1,0,0,1,0,:5:0
2,2,0,0,1,0,0,1,0,:6:0.2
2,2,0,0,1,0,0,1,0,:8:0
2,2,0,0,1,1,2,1,0,:8:-0.5
1,0,1,2,0,1,0,2,2,:6:0
2,0,2,1,0,1,1,2,0,:8:-0.5
0,0,2,0,0,0,1,2,1,:0:0
0,0,2,0,0,0,1,2,1,:1:0
0,0,2,0,0,0,1,2,1,:3:0
0,0,2,0,0,0,1,2,1,:4:0
0,0,2,0,0,0,1,2,1,:5:0
0,0,2,1,2,0,1,2,1,:0:0
0,0,2,1,2,0,1,2,1,:1:0
0,0,2,1,2,0,1,2,1,:5:0
2,1,2,1,2,0,1,2,1,:5:0
1,0,0,0,2,0,1,2,0,:2:-0.5
0,0,0,2,0,1,1,0,2,:0:0
0,0,2,0,2,0,1,0,1,:5:0
0,0,2,2,2,1,1,0,1,:1:0
1,0,2,0,1,0,0,2,0,:6:0
1,0,2,0,0,0,1,0,2,:3:0.75
0,1,2,2,0,0,1,2,1,:0:0
0,1,2,2,0,0,1,2,1,:4:0
0,1,2,2,0,0,1,2,1,:5:0
0,2,0,1,2,0,0,1,0,:0:0
1,2,2,1,2,0,0,1,0,:5:0
1,2,2,1,2,0,0,1,0,:6:0
1,2,2,1,2,0,0,1,0,:8:0
1,2,2,1,2,1,0,1,2,:6:0
2,0,2,0,0,1,0,0,1,:1:0
2,0,2,0,0,1,0,0,1,:3:0
2,0,2,0,0,1,0,0,1,:4:0
2,0,2,0,0,1,0,0,1,:6:0
2,0,2,0,2,1,1,0,1,:1:0
2,0,2,0,2,1,1,0,1,:3:0
2,0,2,0,2,1,1,0,1,:7:0
2,1,2,0,2,1,1,2,1,:3:0
0,2,0,2,0,0,0,1,1,:6:0.5
1,0,0,2,2,0,0,1,0,:1:0
1,0,0,2,2,0,0,1,0,:2:0
1,0,0,2,2,0,0,1,0,:5:0
1,0,0,2,2,0,0,1,0,:6:0
1,0,0,2,2,0,0,1,0,:8:0
1,2,1,2,2,0,0,1,0,:5:0
1,2,1,2,2,0,0,1,0,:6:0
1,2,1,2,2,0,0,1,0,:8:0
1,2,1,2,2,1,0,1,2,:6:0
0,2,0,2,1,0,0,1,0,:0:0
0,2,0,2,1,0,0,1,0,:5:0
0,2,0,2,1,0,0,1,0,:6:0
0,2,0,2,1,0,0,1,0,:8:0
0,0,1,2,2,0,1,0,0,:0:0
0,0,1,2,2,0,1,0,0,:5:0
0,0,1,2,2,0,1,0,0,:7:0
0,0,1,2,2,0,1,0,0,:8:0.4875
0,1,2,0,1,0,0,2,0,:0:0
0,1,2,0,1,0,0,2,0,:3:0
0,1,2,0,1,0,0,2,0,:5:0
0,1,2,0,1,0,0,2,0,:6:0
0,1,2,0,1,0,0,2,0,:8:0
0,1,2,1,1,2,0,2,0,:0:0
0,1,2,1,1,2,0,2,0,:8:0
1,2,1,0,0,0,0,0,2,:3:0
1,2,1,0,0,0,0,0,2,:4:0
1,2,1,0,0,0,0,0,2,:5:0
1,2,1,0,0,0,0,0,2,:6:0
1,2,1,0,0,0,0,0,2,:7:0
1,2,1,0,2,1,0,0,2,:3:0
1,2,1,0,2,1,0,0,2,:6:0
1,2,1,0,2,1,0,0,2,:7:0
0,0,0,0,0,1,1,2,2,:3:0.4
0,0,0,1,2,1,1,2,2,:0:0.875
0,0,0,1,2,1,1,2,2,:1:0
0,0,0,1,2,1,1,2,2,:2:0
0,0,1,0,0,2,1,2,0,:0:0
1,0,1,0,2,2,1,2,0,:1:0.5
1,0,1,0,2,2,1,2,0,:3:0
1,0,1,0,2,2,1,2,0,:8:0
2,0,0,0,0,1,2,1,0,:1:0
2,0,0,0,0,1,2,1,0,:2:-0.5
2,0,0,0,0,1,2,1,0,:3:0
2,0,0,0,0,1,2,1,0,:4:0
2,0,0,0,0,1,2,1,0,:8:0
0,1,0,0,0,2,1,2,0,:0:0
0,1,0,0,0,2,1,2,0,:2:0
0,1,0,0,0,2,1,2,0,:3:0
0,1,0,0,0,2,1,2,0,:4:0
0,1,0,0,0,2,1,2,0,:8:0
2,1,0,0,1,2,1,2,0,:2:0
2,1,0,0,1,2,1,2,0,:3:0
2,1,0,0,1,2,1,2,0,:8:0
2,2,1,2,0,0,1,0,1,:7:0.75
0,0,1,1,0,0,2,0,2,:0:-0.25
0,0,1,1,0,0,2,0,2,:1:0
0,0,1,1,0,0,2,0,2,:4:0
0,0,1,1,0,0,2,0,2,:5:0
0,0,1,1,0,0,2,0,2,:7:0
0,1,0,0,0,0,2,1,2,:0:0
0,1,0,0,0,0,2,1,2,:2:0
0,1,0,0,0,0,2,1,2,:3:0
0,1,0,0,0,0,2,1,2,:4:0
0,1,0,0,0,0,2,1,2,:5:0
0,1,2,1,0,0,2,1,2,:4:0.5
0,2,0,0,1,1,2,0,0,:0:0
0,2,0,0,1,1,2,0,0,:2:0
0,2,0,0,1,1,2,0,0,:3:0.5
0,2,0,0,1,1,2,0,0,:7:0
0,2,0,0,1,1,2,0,0,:8:0
1,0,0,2,0,0,1,0,2,:1:0
1,0,0,2,0,0,1,0,2,:2:0
1,0,0,2,0,0,1,0,2,:4:0
1,0,0,2,0,0,1,0,2,:5:0
1,0,0,2,0,0,1,0,2,:7:0
1,2,0,2,0,1,1,0,2,:2:0
1,2,0,2,0,1,1,0,2,:4:0
1,2,0,2,0,1,1,0,2,:7:0
1,2,0,0,2,1,1,0,2,:3:0
1,2,0,0,2,1,1,0,2,:7:0
2,0,0,1,2,2,1,1,0,:1:0
2,1,2,1,2,2,1,1,0,:8:0
0,0,2,0,0,2,1,0,1,:4:0
0,0,2,0,1,2,1,2,1,:0:0
0,0,2,0,1,2,1,2,1,:1:0
0,0,2,0,1,2,1,2,1,:3:0
0,1,2,2,1,2,1,2,1,:0:0
0,1,0,0,0,0,1,2,2,:3:0
0,1,0,1,2,0,1,2,2,:5:-0.5
0,0,0,1,2,0,2,1,0,:8:0
0,2,0,1,2,0,2,1,1,:0:0
1,2,0,1,2,2,2,1,1,:2:0
1,0,0,0,0,0,0,0,2,:1:0
1,0,0,0,0,0,0,0,2,:4:0
1,0,0,0,0,0,0,0,2,:5:0
1,1,2,0,0,1,0,2,2,:6:0
2,2,0,0,0,1,1,0,0,:3:-0.5
2,0,0,2,1,0,1,2,1,:1:0
2,1,0,2,1,2,1,2,1,:2:0
1,2,2,2,0,1,1,0,0,:7:0
1,2,2,2,0,1,1,0,0,:8:0
1,0,2,0,0,0,1,2,0,:1:0
1,0,2,0,0,0,1,2,0,:3:0.75
1,0,2,0,0,0,1,2,0,:4:0
1,0,2,0,0,0,1,2,0,:5:0
1,0,2,0,0,0,1,2,0,:8:0
2,0,0,2,0,1,0,0,1,:1:-0.5
2,0,0,2,0,1,0,0,1,:2:0
2,0,0,2,0,1,0,0,1,:4:0
2,0,0,2,0,1,0,0,1,:6:0
2,0,0,2,0,1,0,0,1,:7:0
2,0,0,0,1,1,0,2,0,:1:0
2,0,0,0,1,1,0,2,0,:3:0
2,0,0,0,1,1,0,2,0,:6:0
2,0,0,0,1,1,0,2,0,:8:0
1,0,1,2,0,1,2,2,0,:1:0
1,0,1,2,0,1,2,2,0,:4:-0.5
1,0,1,2,0,1,2,2,0,:8:0
0,0,0,1,2,1,0,2,0,:8:0
2,0,0,1,2,1,0,2,1,:1:0
2,0,0,1,2,1,0,2,1,:2:0
2,0,0,1,2,1,0,2,1,:6:0
2,1,0,1,2,1,2,2,1,:2:0
0,0,0,0,1,0,1,2,2,:0:0
0,0,0,0,1,0,1,2,2,:1:0
0,0,0,0,1,0,1,2,2,:2:0.875
0,0,0,0,1,0,1,2,2,:3:0
0,0,0,0,1,0,1,2,2,:5:0
1,2,0,0,0,2,1,0,0,:4:0
1,2,0,2,1,2,1,0,0,:7:0
1,0,2,0,2,0,1,1,2,:1:-0.5
1,0,2,0,2,0,1,1,2,:3:0
1,0,2,0,2,0,1,1,2,:5:0
0,1,2,2,0,0,0,1,0,:0:0
0,1,2,2,0,0,0,1,0,:4:0
0,1,2,2,0,0,0,1,0,:5:0
0,1,2,2,0,0,0,1,0,:6:0
0,1,2,2,0,0,0,1,0,:8:0
0,1,2,2,2,0,1,1,0,:0:0
0,1,2,2,2,0,1,1,0,:5:0
0,1,2,2,2,0,1,1,0,:8:0
0,2,2,1,0,0,1,2,1,:4:-0.5
0,0,0,2,1,0,1,2,0,:0:0
0,0,0,2,1,0,1,2,0,:1:0
0,0,0,2,1,0,1,2,0,:2:0
0,0,0,2,1,0,1,2,0,:5:0
0,0,0,2,1,0,1,2,0,:8:0
1,1,0,0,0,2,2,0,0,:3:0
1,1,0,0,0,2,2,0,0,:4:0
1,1,0,0,0,2,2,0,0,:7:0
1,1,0,0,0,2,2,0,0,:8:0
0,0,1,2,0,0,1,0,2,:0:0
1,2,1,2,0,0,1,0,2,:7:0
1,2,1,2,2,0,1,1,2,:5:0
1,2,1,0,0,0,2,0,0,:7:0
1,2,1,0,0,2,2,1,0,:3:0
1,2,1,0,0,2,2,1,0,:8:0
1,0,0,0,1,2,2,0,0,:1:0
1,0,0,0,1,2,2,0,0,:3:0
1,0,0,0,1,2,2,0,0,:7:0
1,0,0,0,1,2,2,0,0,:8:0
1,1,0,0,1,2,2,2,0,:3:-0.5
0,0,1,0,0,0,1,2,2,:0:0.2
0,0,1,0,0,0,1,2,2,:3:0
0,0,1,0,0,0,1,2,2,:4:0
0,0,1,0,0,0,1,2,2,:5:0
0,0,2,0,0,1,2,0,1,:0:0
0,0,2,0,0,1,2,0,1,:1:0
0,0,2,0,0,1,2,0,1,:3:0
0,0,2,0,0,1,2,0,1,:4:0
0,0,2,0,0,1,2,0,1,:7:0
0,0,2,0,1,1,2,2,1,:0:0
0,0,2,0,1,1,2,2,1,:1:0
0,0,2,0,1,1,2,2,1,:3:0
2,0,2,0,1,1,0,0,0,:1:0
2,0,2,0,1,1,0,0,0,:6:0
2,0,2,0,1,1,0,0,0,:7:0
2,0,2,0,1,1,0,0,0,:8:0
2,2,1,0,0,2,1,1,0,:4:0.5
1,0,0,0,0,0,1,2,2,:1:0
1,0,0,0,0,0,1,2,2,:2:0.2
1,0,0,0,0,0,1,2,2,:3:0
1,0,0,0,0,0,1,2,2,:4:0
1,0,0,0,0,0,1,2,2,:5:0
1,0,1,0,0,2,1,2,2,:1:0.5
0,0,2,0,2,0,1,0,1,:0:0
0,0,2,0,2,0,1,0,1,:1:0
0,0,2,0,2,0,1,0,1,:3:0
0,0,2,0,2,0,1,0,1,:7:0
2,0,0,0,1,0,0,0,0,:1:0
2,0,0,0,1,0,0,0,0,:3:0
2,0,0,0,1,0,0,0,0,:6:0
2,1,0,0,1,0,0,0,2,:2:0
2,1,0,0,1,0,0,0,2,:3:0
2,1,0,0,1,0,0,0,2,:5:0
2,1,0,0,1,0,0,0,2,:6:0
2,1,0,0,1,0,0,0,2,:7:0
1,2,1,0,0,0,0,2,0,:3:0
1,2,1,0,0,0,0,2,0,:4:0
1,2,1,0,0,0,0,2,0,:5:0
1,2,1,0,0,0,0,2,0,:6:0
1,2,1,1,0,0,0,2,2,:6:0.5
2,1,2,1,0,1,1,2,2,:4:0
0,0,2,0,0,2,1,1,0,:1:0
0,1,2,2,0,2,1,1,0,:0:-0.5
0,0,1,0,0,2,0,1,2,:0:0
0,0,1,0,0,2,0,1,2,:1:0
0,0,1,0,0,2,0,1,2,:3:0
0,0,1,0,0,2,0,1,2,:4:0
0,0,1,0,0,2,0,1,2,:6:0
1,2,1,2,0,0,1,0,2,:4:0
1,2,1,2,0,0,1,0,2,:5:0
0,0,0,0,0,1,1,2,2,:0:0
0,0,0,0,0,1,1,2,2,:1:0
0,0,0,0,0,1,1,2,2,:2:0
0,0,0,0,0,1,1,2,2,:4:0
2,0,2,0,1,0,1,0,0,:3:0
2,0,2,0,1,0,1,0,0,:5:0
2,0,2,0,1,0,1,0,0,:7:0.2
2,0,2,0,1,0,1,0,0,:8:0
2,0,0,1,1,0,2,0,0,:1:0
2,0,0,1,1,0,2,0,0,:2:0
2,0,0,1,1,0,2,0,0,:5:0.5
2,0,0,1,1,0,2,0,0,:7:0
2,0,0,1,1,0,2,0,0,:8:0
2,0,2,0,0,1,1,0,0,:4:0
2,0,2,2,1,1,1,0,0,:1:0
2,0,2,2,1,1,1,0,0,:7:0
2,0,2,2,1,1,1,0,0,:8:0
2,2,1,0,0,0,1,1,2,:4:0.5
1,1,2,0,0,2,1,2,0,:3:0.5
2,0,2,1,1,0,2,0,1,:7:0
2,0,2,1,1,2,2,1,1,:1:0
0,0,2,1,2,2,1,1,0,:0:0
0,0,2,1,2,2,1,1,0,:1:0
0,0,2,1,2,2,1,1,0,:8:0
0,1,2,0,2,0,1,0,0,:0:0
0,1,2,0,2,0,1,0,0,:3:0
0,1,2,0,2,0,1,0,0,:5:0
0,1,2,0,2,0,1,0,0,:7:0
0,1,2,0,2,0,1,0,0,:8:0
0,1,2,0,2,0,1,1,2,:0:0
0,1,2,0,2,0,1,1,2,:3:0
0,1,2,0,2,0,1,1,2,:5:0
1,1,2,0,0,1,2,2,0,:3:-0.5
0,2,1,0,2,0,1,0,0,:3:0
0,2,1,0,2,0,1,0,0,:5:0
0,2,1,0,2,0,1,0,0,:7:0
0,2,1,0,2,0,1,0,0,:8:0
1,0,0,0,2,0,1,2,0,:3:0
1,0,0,0,2,0,1,2,0,:5:0
1,0,0,0,2,0,1,2,0,:8:0
1,1,0,0,2,0,1,2,2,:2:0
1,1,0,0,2,0,1,2,2,:3:0.5
1,1,0,0,2,0,1,2,2,:5:0
0,2,2,2,1,0,1,0,1,:0:0
0,2,2,2,1,0,1,0,1,:5:-0.5
0,2,2,2,1,0,1,0,1,:7:0
0,1,1,0,2,0,2,1,2,:0:0.5
0,2,0,2,0,0,1,0,1,:0:0
0,2,0,2,0,0,1,0,1,:2:0
0,2,0,2,0,0,1,0,1,:4:0
0,2,0,2,0,0,1,0,1,:5:0
0,2,0,2,0,0,1,0,1,:7:0
0,2,0,2,2,1,1,0,1,:2:0.5
2,0,0,0,1,0,1,0,2,:1:0
2,0,0,0,1,0,1,0,2,:5:0
2,0,0,0,1,0,1,0,2,:7:0
0,0,0,2,0,2,1,0,1,:1:-0.5
0,1,1,0,2,2,1,0,2,:7:-0.5
0,2,1,1,0,2,1,0,2,:0:0
0,2,1,1,0,2,1,0,2,:4:0.5
0,2,1,1,0,2,1,0,2,:7:0
1,1,0,0,0,0,2,0,2,:7:0
1,1,0,0,0,2,2,1,2,:2:0
1,1,0,0,0,2,2,1,2,:3:0
1,1,0,0,0,2,2,1,2,:4:0
0,2,1,2,2,0,1,0,1,:7:-0.5
0,2,1,0,0,2,0,1,0,:0:0
0,2,1,0,0,2,0,1,0,:3:0
0,2,1,0,0,2,0,1,0,:4:0
0,2,1,0,0,2,0,1,0,:6:0
0,2,1,0,1,2,2,1,0,:3:0
0,2,1,0,1,2,2,1,0,:8:0
1,2,2,0,2,1,1,0,0,:3:0.5
1,2,2,0,2,1,1,0,0,:8:0
0,0,2,1,0,2,1,0,0,:0:0
0,0,2,1,0,2,1,0,0,:1:0
0,0,2,1,0,2,1,0,0,:4:0
0,0,2,1,0,2,1,0,0,:7:0
0,0,2,1,0,2,1,0,0,:8:0
2,1,2,1,0,2,1,0,0,:7:-0.5
0,1,0,1,2,0,0,2,0,:0:0
0,1,0,1,2,0,0,2,0,:5:0
0,1,0,1,2,0,0,2,0,:6:0
0,1,0,1,2,0,1,2,2,:0:0.5
0,0,0,1,2,0,1,0,2,:7:0
0,2,0,1,2,0,1,1,2,:0:0
0,2,0,1,2,0,1,1,2,:2:-0.5
0,2,0,1,2,0,1,1,2,:5:0
2,0,0,0,0,2,1,1,0,:2:0
2,0,1,0,0,2,1,1,2,:1:0
2,0,1,0,0,2,1,1,2,:3:0
2,0,1,0,0,2,1,1,2,:4:0
2,1,1,2,0,2,1,1,2,:4:0
0,0,1,2,2,1,1,0,2,:1:0
2,0,1,2,0,0,1,0,0,:7:0
2,0,1,2,2,0,1,1,0,:8:-0.5
0,1,0,0,0,2,0,2,1,:4:0
0,1,0,0,1,2,2,2,1,:0:0.5
0,1,0,0,1,2,2,2,1,:2:0
0,1,0,0,1,2,2,2,1,:3:0
1,2,0,0,2,0,1,0,0,:2:0
1,2,0,0,2,0,1,0,0,:3:0.75
1,2,0,0,2,0,1,0,0,:5:0
1,2,0,0,2,0,1,0,0,:7:0
1,2,0,0,2,0,1,0,0,:8:0
2,0,1,2,0,0,1,0,0,:1:0
2,1,1,2,2,0,1,0,0,:7:-0.5
0,0,2,2,1,1,1,2,0,:0:0
1,2,2,2,1,1,1,2,0,:8:0
0,2,1,2,1,1,2,1,2,:0:0
2,0,1,0,0,0,1,0,2,:7:-0.5
0,2,1,0,1,0,0,0,2,:0:0
0,2,1,0,1,0,0,0,2,:3:0
0,2,1,0,1,0,0,0,2,:5:0
0,2,1,0,1,0,0,0,2,:6:0
0,2,1,0,1,0,0,0,2,:7:0
1,2,1,0,1,2,0,0,2,:7:0
0,1,0,2,1,2,1,0,2,:0:0
0,1,0,2,1,2,1,0,2,:2:0
2,2,1,0,2,0,1,1,0,:5:0
1,0,2,0,0,0,1,0,2,:1:0
1,1,2,2,0,0,1,0,2,:4:0
1,1,2,2,0,0,1,0,2,:5:0
1,1,2,2,0,0,1,0,2,:7:0
0,2,1,2,2,1,1,0,0,:0:-0.5
0,2,1,2,2,1,1,0,0,:7:0
0,2,1,2,2,1,1,0,0,:8:0
1,0,2,2,1,0,0,0,0,:1:0
1,0,2,2,1,0,0,0,0,:5:0
1,0,2,2,1,0,0,0,0,:6:0
1,0,2,2,1,0,0,0,0,:7:0
2,1,1,0,2,0,1,2,0,:3:-0.5
2,1,1,0,2,0,1,2,0,:5:0
2,1,1,0,2,0,1,2,0,:8:0
2,0,0,1,0,1,0,0,2,:1:0
2,0,0,1,0,1,0,0,2,:2:0
2,0,0,1,0,1,0,0,2,:4:0
2,0,0,1,0,1,0,0,2,:6:0
2,0,0,1,0,1,0,0,2,:7:0
2,1,0,1,0,1,2,0,2,:2:0
2,1,0,1,0,1,2,0,2,:4:0.5
2,1,0,1,0,1,2,0,2,:7:0
2,0,0,1,0,0,2,0,1,:5:0
2,0,0,1,0,1,2,2,1,:2:0.5
0,0,2,2,2,1,1,0,1,:0:0
0,0,2,2,2,1,1,0,1,:7:0
0,0,2,2,0,0,1,1,0,:5:0
0,0,2,2,0,1,1,1,2,:0:0
0,0,2,2,0,1,1,1,2,:1:0
0,0,2,2,0,1,1,1,2,:4:0
2,1,1,0,0,1,2,2,0,:3:0
2,1,1,0,0,1,2,2,0,:4:-0.5
2,1,1,0,0,1,2,2,0,:8:0
2,1,0,0,0,2,1,0,0,:3:0
2,1,0,0,0,2,1,0,0,:4:0
2,1,0,0,0,2,1,0,0,:7:0
2,1,0,0,0,2,1,0,0,:8:0
2,1,1,0,2,2,1,0,0,:3:0
2,1,1,0,2,2,1,0,0,:7:0
2,1,1,0,2,2,1,0,0,:8:0
2,0,1,0,2,2,1,0,1,:1:0
2,0,1,0,2,2,1,0,1,:3:0
2,0,1,0,2,2,1,0,1,:7:0
0,2,0,0,1,0,1,0,2,:0:0.3
0,2,0,0,1,0,1,0,2,:3:0
0,2,0,0,1,0,1,0,2,:5:0
0,0,1,2,2,1,1,2,0,:1:0
2,1,1,2,2,1,1,2,0,:8:0
0,2,1,1,0,2,0,0,0,:0:0
0,2,1,1,0,2,0,0,0,:4:0
0,2,1,1,0,2,0,0,0,:7:0
0,2,1,1,0,2,0,0,0,:8:0
1,2,1,1,0,2,0,0,2,:6:0.5
1,2,1,1,0,2,0,0,2,:7:0
0,0,0,0,2,1,1,2,0,:0:0
0,0,0,0,2,1,1,2,0,:2:0
0,0,0,0,2,1,1,2,0,:3:0
2,1,0,0,2,1,1,2,0,:2:-0.5
2,1,0,0,2,1,1,2,0,:3:0
2,1,0,0,2,1,1,2,0,:8:0
0,0,0,2,0,0,0,0,1,:6:0
1,2,0,2,0,2,1,0,1,:2:-0.5
2,2,0,2,1,0,0,1,1,:5:-0.5
0,2,1,2,1,2,0,0,1,:7:0
1,0,0,2,0,0,2,1,0,:4:0
1,2,0,2,1,0,2,1,0,:8:0.5
1,2,0,2,0,0,1,0,0,:2:0
1,2,0,2,0,0,1,0,0,:4:0
1,2,0,2,0,0,1,0,0,:5:0
1,2,0,2,0,0,1,0,0,:7:0
1,2,0,2,1,2,1,0,0,:2:0
1,2,0,2,1,2,1,0,0,:8:0
2,2,1,2,1,1,0,0,0,:6:0.5
0,1,0,2,0,0,1,2,0,:2:0
0,1,1,2,0,0,1,2,2,:4:0.5
1,2,0,0,1,2,0,0,0,:3:0
1,2,0,1,1,2,2,0,0,:7:0
0,2,1,0,1,0,2,1,2,:0:0
2,0,1,0,0,0,2,1,0,:1:0
2,0,1,0,0,0,2,1,0,:3:0
2,0,1,0,0,0,2,1,0,:4:0
2,0,1,0,0,0,2,1,0,:8:0
2,1,2,1,2,0,1,0,0,:7:-0.5
0,1,0,0,0,0,1,2,2,:0:0
0,1,0,0,0,0,1,2,2,:2:0
0,1,0,0,0,0,1,2,2,:4:0
0,1,0,0,0,0,1,2,2,:5:0
0,1,1,0,0,2,1,2,2,:0:0.5
0,1,1,0,0,2,1,2,2,:4:0
1,2,1,0,2,0,1,0,2,:5:0
1,2,1,0,2,0,1,0,2,:7:0
1,0,0,0,1,2,1,2,2,:1:0
1,0,0,0,1,2,1,2,2,:2:0.5
1,0,0,0,1,2,1,2,2,:3:0
1,0,0,0,2,0,1,0,2,:5:0
1,0,0,0,2,1,1,2,2,:1:0
1,0,0,0,2,1,1,2,2,:2:-0.75
1,0,0,0,2,1,1,2,2,:3:0
0,0,1,2,0,0,1,0,2,:1:0
0,0,1,2,0,0,1,0,2,:4:0.75
0,0,1,2,0,0,1,0,2,:5:0
0,0,1,2,0,0,1,0,2,:7:0
1,0,1,2,2,0,1,0,2,:5:0
1,1,0,0,0,2,0,0,2,:2:0
1,1,0,0,0,2,0,0,2,:4:0
1,1,0,0,0,2,0,0,2,:6:0
1,1,0,0,0,2,0,0,2,:7:0
0,0,1,0,0,2,1,0,2,:0:0
0,0,1,0,0,2,1,0,2,:1:0
0,0,1,0,0,2,1,0,2,:3:0
0,0,1,0,0,2,1,0,2,:4:0
0,0,1,0,0,2,1,0,2,:7:0
1,0,0,2,0,1,1,2,2,:4:0
0,1,0,2,0,0,1,2,0,:0:0
0,1,0,2,0,0,1,2,0,:5:0
0,1,0,2,0,0,1,2,0,:8:0
0,1,2,2,1,0,1,2,0,:0:0
1,1,0,2,0,2,1,2,0,:4:0
2,0,2,0,0,0,0,1,1,:5:0
2,0,2,0,2,1,0,1,1,:3:-0.5
1,2,1,0,2,1,2,0,0,:3:0
1,2,1,0,2,1,2,0,0,:7:0
1,2,1,0,2,1,2,0,0,:8:0
1,2,1,0,2,1,2,1,2,:3:0
2,0,0,0,2,0,0,1,1,:1:0
2,1,2,0,2,0,0,1,1,:3:-0.5
2,1,2,0,2,0,0,1,1,:5:0
2,1,2,0,2,0,0,1,1,:6:0
1,0,2,0,1,0,1,2,2,:1:-0.5
1,0,2,0,1,0,1,2,2,:3:0
1,0,2,0,1,0,1,2,2,:5:0
0,2,1,2,2,0,1,1,0,:0:-0.5
1,2,0,0,0,0,1,2,0,:2:0
1,2,0,0,0,0,1,2,0,:3:0.75
1,2,0,0,0,0,1,2,0,:4:0
1,2,0,0,0,0,1,2,0,:5:0
1,2,0,0,0,0,1,2,0,:8:0
2,2,1,1,0,0,1,0,2,:5:0
2,2,1,1,0,1,1,2,2,:4:0
2,0,2,0,0,0,1,0,1,:7:0.75
0,2,0,0,1,2,0,0,1,:0:0
0,2,0,0,1,2,0,0,1,:2:0
0,2,0,0,1,2,0,0,1,:3:0
0,2,0,0,1,2,0,0,1,:6:0
0,2,0,0,1,2,0,0,1,:7:0
0,2,0,2,1,2,1,0,1,:7:0.5
2,1,1,0,2,1,2,0,0,:3:0
2,1,1,0,2,1,2,0,0,:8:0
0,0,0,2,1,0,2,0,1,:1:-0.5
1,0,0,0,2,2,0,1,0,:1:0
1,0,0,0,2,2,0,1,0,:2:0
1,0,0,0,2,2,0,1,0,:3:0
1,0,0,0,2,2,0,1,0,:6:0
1,0,0,0,2,2,0,1,0,:8:0
1,2,0,1,2,2,0,1,0,:8:0
2,0,0,0,1,2,0,1,0,:3:0
2,2,0,1,1,2,0,1,0,:8:0
2,2,0,1,1,2,2,1,1,:2:0
1,0,0,0,2,0,1,0,2,:3:0.5
0,1,2,2,0,0,2,1,1,:0:0
0,1,2,1,1,0,2,0,2,:0:0
0,1,2,1,1,0,2,0,2,:7:0
1,1,2,2,0,1,2,1,2,:4:0
0,0,0,1,1,2,1,2,2,:0:0
0,0,0,1,1,2,1,2,2,:1:-0.5
0,0,0,1,1,2,1,2,2,:2:0
0,2,1,0,1,2,0,1,2,:6:0.5
0,2,2,1,0,0,1,0,0,:0:0
0,2,2,1,0,0,1,0,0,:4:0
0,2,2,1,0,0,1,0,0,:5:0
0,2,2,1,0,0,1,0,0,:7:0
0,2,2,1,2,1,1,0,0,:0:0.5
2,1,0,0,0,1,2,0,0,:3:0
0,1,1,0,0,0,2,2,0,:4:0
0,1,1,0,1,2,2,2,0,:3:0
2,1,1,1,1,2,2,2,0,:8:0
0,0,0,1,1,0,0,2,2,:5:0.5
2,1,0,0,0,2,0,1,0,:2:0
2,1,0,0,0,2,0,1,0,:3:0
2,1,0,0,0,2,0,1,0,:4:0
2,1,0,0,0,2,0,1,0,:6:0
2,1,0,0,0,2,0,1,0,:8:0
2,1,1,2,0,2,0,1,0,:4:-0.5
2,1,1,2,0,2,0,1,0,:6:0
2,1,1,2,0,2,0,1,0,:8:0
2,0,0,0,1,1,1,2,2,:1:0
2,0,0,0,1,1,1,2,2,:2:0.5
2,0,0,0,1,1,1,2,2,:3:0
1,1,2,2,0,0,2,1,0,:4:0.5
2,2,1,0,0,1,1,0,2,:4:0.5
1,0,0,2,1,0,1,2,2,:2:0.75
0,0,1,2,2,1,1,0,2,:7:0
0,2,1,2,2,1,1,1,2,:0:0
1,1,2,0,0,0,2,0,0,:4:0
1,1,2,0,0,0,2,0,0,:5:0
1,1,2,0,0,0,2,0,0,:8:0
1,1,2,0,1,0,2,0,2,:7:0.5
1,0,0,0,2,0,0,2,1,:3:-0.5
1,0,2,2,1,2,1,0,0,:1:0
1,0,2,2,1,2,1,0,0,:7:0
1,0,2,2,1,2,1,0,0,:8:0
2,0,0,0,2,0,1,1,0,:3:0
1,1,0,0,0,0,2,2,0,:8:0
1,1,0,0,0,2,2,2,1,:2:0.5
1,1,0,0,0,2,2,2,1,:3:0
1,1,0,0,0,2,2,2,1,:4:0
2,1,1,2,2,0,0,0,1,:6:0
1,2,0,1,0,0,2,2,1,:5:-0.5
0,0,1,0,1,2,0,0,2,:0:0
0,0,1,0,1,2,0,0,2,:1:0
0,0,1,0,1,2,0,0,2,:3:0
0,0,1,0,1,2,0,0,2,:6:0.5
0,0,1,0,1,2,0,0,2,:7:0
1,0,2,0,0,0,1,0,2,:7:0
0,0,0,0,2,0,1,2,1,:0:0
0,0,0,0,2,0,1,2,1,:1:0
0,0,0,0,2,0,1,2,1,:2:0
0,0,0,0,2,0,1,2,1,:3:0
0,0,0,0,2,0,1,2,1,:5:0
0,1,2,0,2,0,1,2,1,:0:0
0,1,2,0,2,0,1,2,1,:3:0
0,1,2,0,2,0,1,2,1,:5:0
2,0,1,2,2,1,0,1,0,:1:-0.5
2,0,1,2,2,1,0,1,0,:6:0
2,0,1,2,2,1,0,1,0,:8:0
1,0,0,2,0,1,2,0,0,:1:0
1,1,0,0,0,0,0,2,2,:2:0
1,1,0,0,0,0,0,2,2,:3:0
1,1,0,0,0,0,0,2,2,:4:0
1,1,0,0,0,0,0,2,2,:5:-0.25
1,1,0,0,0,0,0,2,2,:6:0
1,0,0,0,1,2,0,0,2,:1:0
1,1,0,0,1,2,0,2,2,:2:0
1,1,0,0,1,2,0,2,2,:3:-0.5
1,1,0,0,1,2,0,2,2,:6:0
1,0,0,0,2,2,2,1,1,:1:0
1,0,0,0,2,2,2,1,1,:2:-0.5
1,0,0,0,2,2,2,1,1,:3:0
2,1,0,0,2,1,2,1,0,:8:-0.5
2,0,2,0,0,0,0,1,1,:1:0
2,0,2,0,0,0,0,1,1,:3:0
2,0,2,0,0,0,0,1,1,:4:0
2,0,2,0,0,0,0,1,1,:6:0
2,0,2,1,0,2,0,1,1,:6:-0.5
1,2,0,1,0,2,0,0,0,:8:0.2
1,2,0,1,0,2,0,2,1,:2:0
1,2,0,1,0,2,0,2,1,:6:0
0,2,0,0,2,0,1,0,1,:7:0.5
1,2,1,2,1,0,0,2,0,:5:0
1,2,1,2,1,0,0,2,0,:6:0
1,2,1,2,1,0,0,2,0,:8:0
0,2,1,2,0,2,0,1,1,:0:0
1,2,1,2,0,2,2,1,1,:4:0
0,1,0,2,1,0,1,2,2,:0:0
0,1,0,2,1,0,1,2,2,:2:0.5
2,0,2,0,0,0,1,0,1,:1:0
2,0,2,0,0,0,1,0,1,:3:0
2,0,2,0,0,0,1,0,1,:4:0
2,0,2,0,0,0,1,0,1,:5:0
0,0,1,1,2,0,2,0,0,:8:0
0,0,1,1,2,0,2,2,1,:0:-0.5
0,0,1,1,2,0,2,2,1,:1:0
0,0,1,1,2,0,2,2,1,:5:0
0,2,2,0,1,2,0,1,1,:6:-0.5
0,2,2,1,1,0,0,0,0,:5:0.5
0,1,0,2,1,0,2,0,0,:8:0
0,1,0,2,1,0,2,2,1,:2:-0.5
0,1,2,1,0,0,1,2,2,:0:0.5
1,0,0,2,1,0,0,0,2,:1:0
1,1,0,2,1,2,0,0,2,:2:0.5
1,1,0,2,1,2,0,0,2,:6:0
1,1,0,2,1,2,0,0,2,:7:0
1,0,2,1,0,0,0,2,0,:1:0
1,0,2,1,0,0,0,2,0,:5:0.3
1,0,2,1,0,0,0,2,0,:6:0.5
1,0,2,1,0,0,0,2,0,:8:0
1,1,0,0,2,0,0,0,2,:2:0.5
1,0,2,0,0,1,2,0,0,:1:0
1,0,2,0,0,1,2,0,0,:3:0
1,0,2,0,0,1,2,0,0,:4:0
1,0,2,0,0,1,2,0,0,:7:0
1,0,2,0,0,1,2,0,0,:8:0
1,1,2,0,0,1,2,2,0,:8:-0.5
0,0,1,0,2,1,0,2,0,:0:0
0,0,1,0,2,1,0,2,0,:1:0
0,0,1,0,2,1,0,2,0,:3:0
0,0,1,0,2,1,0,2,0,:6:0
0,0,1,0,2,1,0,2,0,:8:0
1,0,1,0,2,1,0,2,2,:6:0
2,2,0,0,1,1,1,2,0,:3:0
2,2,0,0,1,1,1,2,0,:8:0
0,2,1,0,0,0,1,2,0,:3:0
0,2,1,0,0,0,1,2,0,:4:0.5
0,2,1,0,0,0,1,2,0,:8:0
1,1,0,0,2,1,0,2,2,:2:0.5
2,1,2,1,1,2,2,0,1,:7:0
0,2,1,2,1,2,0,0,1,:0:0
0,2,1,2,1,2,0,0,1,:6:0.5
0,0,0,0,2,1,1,0,2,:0:0
2,0,2,0,1,0,0,0,1,:6:0
2,0,2,2,1,0,1,0,1,:7:0.5
2,0,0,2,1,0,1,2,1,:5:0
2,0,2,2,1,1,1,2,1,:1:0
1,2,2,1,0,0,0,2,1,:4:0.5
1,2,2,1,0,0,0,2,1,:5:0
1,2,2,1,0,0,0,2,1,:6:0
1,2,0,0,0,1,0,2,0,:2:-0.5
1,2,0,0,0,1,0,2,0,:3:0
1,2,0,0,0,1,0,2,0,:4:0
1,2,0,0,0,1,0,2,0,:6:0
1,2,0,0,0,1,0,2,0,:8:0
0,2,0,0,1,1,1,2,2,:3:0.5
1,0,0,2,1,0,1,2,2,:1:0
0,1,2,0,0,1,0,0,2,:0:0
0,1,2,0,0,1,0,0,2,:3:0
0,1,2,0,0,1,0,0,2,:4:0
0,1,2,0,0,1,0,0,2,:6:0
0,1,2,0,0,1,0,0,2,:7:0
0,1,2,1,2,1,0,0,2,:6:-0.5
0,1,1,0,0,0,0,2,2,:0:0
0,1,1,0,0,0,0,2,2,:3:0.2
0,1,1,0,0,0,0,2,2,:4:0
0,1,1,0,0,0,0,2,2,:5:0
0,1,1,0,0,0,0,2,2,:6:0
0,2,2,1,0,1,0,0,0,:0:0
0,2,2,1,0,1,0,0,0,:4:0.5
0,2,2,1,0,1,0,0,0,:6:0
0,2,2,1,0,1,0,0,0,:7:0
0,2,2,1,0,1,0,0,0,:8:0
1,1,0,0,2,1,2,0,2,:2:0.5
1,1,0,0,2,1,2,0,2,:3:0
1,1,0,0,2,1,2,0,2,:7:0
1,2,1,2,2,0,1,0,0,:8:-0.5
1,0,0,2,0,1,1,2,2,:1:0
1,0,0,2,0,1,1,2,2,:2:0
1,0,2,0,0,0,1,0,2,:4:0
1,0,2,0,0,0,1,0,2,:5:0
1,1,2,1,1,2,2,2,0,:8:0
0,2,0,2,0,0,1,1,0,:4:0
0,2,0,2,1,0,1,1,2,:0:0
0,2,0,2,1,0,1,1,2,:2:0.5
0,2,0,2,1,0,1,1,2,:5:0
1,0,0,0,0,1,2,0,2,:7:0
1,0,0,0,2,1,2,1,2,:3:0
0,1,1,2,2,0,0,1,2,:0:0.5
0,1,1,2,2,0,0,1,2,:5:0
0,1,1,2,2,0,0,1,2,:6:0
1,1,0,1,2,2,0,0,2,:2:0.5
1,1,0,1,2,2,0,0,2,:6:0
1,1,0,1,2,2,0,0,2,:7:0
2,0,0,0,2,0,1,1,0,:2:0
0,2,0,2,1,2,1,1,0,:8:0.5
2,2,1,2,0,0,1,0,1,:4:0
2,2,1,2,0,0,1,0,1,:5:0
0,1,0,2,2,0,1,0,0,:5:0
0,1,2,2,2,1,1,0,0,:7:0
0,1,2,2,2,1,1,0,0,:8:0
0,2,1,0,0,1,0,2,0,:8:0.5
2,1,1,0,2,0,2,1,0,:8:-0.5
2,1,1,0,0,2,1,0,2,:3:-0.5
2,1,1,0,0,2,1,0,2,:4:0
2,1,1,0,0,2,1,0,2,:7:0
1,0,2,0,2,0,1,2,1,:3:0.5
2,0,0,2,1,0,1,2,1,:2:0
2,2,0,0,1,0,1,0,0,:2:0
2,2,0,0,1,0,1,0,0,:3:0
2,2,0,0,1,0,1,0,0,:5:0
2,2,0,0,1,0,1,0,0,:7:-0.5
2,2,0,0,1,0,1,0,0,:8:0
1,0,1,1,0,2,2,0,2,:1:0.5
1,0,2,2,0,2,1,1,0,:8:-0.5
2,0,1,0,2,1,0,0,0,:3:0
2,0,1,0,2,1,0,0,0,:6:0
2,0,1,0,2,1,0,0,0,:7:0
2,0,1,0,2,1,0,0,0,:8:0
2,0,0,1,0,0,0,1,2,:1:0
2,0,0,1,0,0,0,1,2,:2:0
2,0,0,1,0,0,0,1,2,:4:0
2,0,0,1,0,0,0,1,2,:5:0
2,0,0,1,0,0,0,1,2,:6:0
2,0,1,1,0,0,2,1,2,:4:0
2,2,1,1,1,0,2,1,2,:5:0
0,0,2,2,1,0,0,1,0,:0:0
0,0,2,2,1,0,0,1,0,:1:0
0,0,2,2,1,0,0,1,0,:5:0
0,0,2,2,1,0,0,1,0,:6:0
0,0,2,2,1,0,0,1,0,:8:0
0,0,2,2,1,2,1,1,0,:0:0
0,0,2,2,1,2,1,1,0,:1:0.5
0,0,2,2,1,2,1,1,0,:8:0
0,0,2,0,0,2,1,0,1,:0:0
0,0,2,0,0,2,1,0,1,:1:0
0,0,2,0,0,2,1,0,1,:3:0
0,0,2,0,0,2,1,0,1,:7:0
0,1,2,0,2,2,1,0,1,:0:-0.5
0,1,2,0,2,2,1,0,1,:3:0
0,1,2,0,2,2,1,0,1,:7:0
2,0,0,2,0,0,1,1,0,:2:0
2,0,1,2,0,2,1,1,0,:1:0
2,0,1,2,0,2,1,1,0,:4:0.5
2,0,1,2,0,2,1,1,0,:8:0
0,0,2,2,0,0,1,1,0,:1:0
0,0,2,2,0,0,1,1,0,:4:0
0,0,2,2,0,0,1,1,0,:8:0
1,0,1,2,2,1,2,0,0,:1:0.5
1,2,0,1,0,2,0,0,0,:4:0
0,2,0,0,1,0,1,2,0,:0:0
0,2,0,0,1,0,1,2,0,:2:0
0,2,0,0,1,0,1,2,0,:3:0.2
0,2,0,0,1,0,1,2,0,:5:0
0,2,0,0,1,0,1,2,0,:8:0
1,2,2,0,0,0,1,0,0,:4:0
1,2,2,0,1,2,1,0,0,:3:0.5
1,2,0,0,0,2,1,2,1,:2:0
2,0,1,0,0,0,0,1,2,:3:0
2,0,1,1,0,2,0,1,2,:1:-0.5
0,0,1,2,0,0,0,2,1,:5:0.5
2,0,1,0,0,0,1,0,2,:3:0
2,0,1,0,0,0,1,0,2,:5:0
0,0,0,2,2,0,1,0,1,:0:0
1,0,0,2,2,0,1,2,1,:5:0
0,0,2,1,0,1,2,2,1,:0:0
0,0,2,1,0,1,2,2,1,:4:0
1,2,2,1,0,1,2,2,1,:4:0
0,0,2,2,0,0,1,0,1,:1:0
0,0,2,2,0,0,1,0,1,:4:0
0,0,2,2,0,0,1,0,1,:5:0
0,0,2,2,0,0,1,0,1,:7:0
2,0,1,1,1,2,2,0,0,:1:0
2,0,1,1,1,2,2,0,0,:7:0
2,0,1,1,1,2,2,0,0,:8:0
0,0,1,0,0,2,1,2,0,:1:0
0,0,1,0,0,2,1,2,0,:3:0
0,0,1,0,0,2,1,2,0,:8:0
2,1,2,0,0,1,1,2,0,:3:0
2,1,2,0,0,1,1,2,0,:4:0
2,1,2,0,0,1,1,2,0,:8:0
1,0,1,2,2,0,1,2,0,:8:-0.5
2,1,1,0,2,2,1,2,1,:3:0
0,2,0,0,1,2,1,0,0,:2:0.5
0,2,0,0,1,2,1,0,0,:3:0
0,2,0,0,1,2,1,0,0,:7:0
0,2,0,0,1,2,1,0,0,:8:0
0,1,2,1,0,2,0,0,0,:4:0
0,2,0,0,0,2,1,0,1,:0:0
0,2,0,0,0,2,1,0,1,:2:0
0,2,0,0,0,2,1,0,1,:3:0
0,2,0,0,0,2,1,0,1,:4:0
0,2,0,0,0,2,1,0,1,:7:0
0,2,0,0,1,2,1,2,1,:2:0.5
1,1,0,1,2,2,2,0,0,:2:0.5
2,0,0,1,0,0,1,2,0,:8:0
2,2,0,1,0,0,1,2,1,:2:0
2,2,0,1,0,0,1,2,1,:4:0
2,2,0,1,0,0,1,2,1,:5:0
2,2,1,1,0,2,1,2,1,:4:0
2,2,0,0,1,0,1,2,1,:2:0.5
0,0,1,0,0,1,2,2,0,:0:0
0,0,1,0,0,1,2,2,0,:1:0
0,0,1,0,0,1,2,2,0,:4:0
0,0,1,0,0,1,2,2,0,:8:0
0,0,1,1,2,1,2,2,0,:0:-0.5
0,0,1,1,2,1,2,2,0,:1:0
0,0,1,1,2,1,2,2,0,:8:0
2,0,0,1,0,1,2,0,0,:1:0
2,0,0,1,0,1,2,0,0,:2:0
2,0,0,1,0,1,2,0,0,:8:0
2,2,1,0,1,1,2,1,2,:3:0
1,1,2,0,2,0,1,0,2,:3:0.5
1,1,2,0,2,0,1,0,2,:5:0
1,1,2,0,2,0,1,0,2,:7:0
