0,0,0,0,0,0,0,0,0,:3:0
0,0,2,1,0,0,0,0,0,:4:0
0,2,2,1,1,0,0,0,0,:8:0
0,2,2,1,1,0,2,0,1,:0:0
0,2,2,1,1,0,2,0,1,:5:-0.9890198
0,2,2,1,1,0,2,0,1,:7:0
0,0,0,0,0,0,0,0,0,:6:0
0,0,0,0,2,0,1,0,0,:3:0
2,0,0,1,2,0,1,0,0,:5:-0.8999
0,0,0,0,0,0,0,0,0,:4:0
0,0,0,2,1,0,0,0,0,:1:0
0,1,0,2,1,0,2,0,0,:0:0
1,1,2,2,1,0,2,0,0,:5:0
1,1,2,2,1,1,2,0,2,:7:0
0,0,0,0,0,0,1,0,2,:4:0
0,0,0,0,1,2,1,0,2,:0:0
0,0,0,0,1,2,1,0,2,:1:0
0,0,0,0,1,2,1,0,2,:2:0
0,0,0,0,1,2,1,0,2,:3:0
0,0,0,0,1,2,1,0,2,:7:0
0,1,0,2,1,2,1,0,2,:2:1.596252
0,0,0,0,0,0,0,0,0,:2:0
0,0,1,2,0,0,0,0,0,:4:0
0,0,1,2,1,2,0,0,0,:1:0
0,1,1,2,1,2,0,0,2,:0:0.8995999
0,0,0,0,0,0,0,0,0,:8:0
0,0,0,0,0,0,0,2,1,:1:0
0,1,2,0,0,0,0,2,1,:0:0
1,1,2,0,0,2,0,2,1,:3:0
1,1,2,1,0,2,2,2,1,:4:0
0,0,0,1,0,0,0,2,0,:6:0
0,2,0,1,0,0,1,2,0,:4:0
2,2,0,1,1,0,1,2,0,:8:0
2,2,0,1,1,2,1,2,1,:2:0
2,0,1,0,0,0,0,0,0,:7:0
2,2,1,0,0,0,0,1,0,:8:0
2,2,1,0,0,0,2,1,1,:4:-0.8992999
0,0,0,0,0,0,0,0,0,:0:0
1,0,0,0,2,0,0,0,0,:7:0
1,2,0,0,2,0,0,1,0,:8:0
1,2,0,0,2,0,2,1,1,:5:-0.8991998
1,0,0,0,0,0,0,2,0,:5:0
1,2,0,0,0,1,0,2,0,:6:-0.8990998
1,0,0,0,0,0,2,0,0,:3:0
1,2,0,1,0,0,2,0,0,:8:0
1,2,0,1,2,0,2,0,1,:7:0
1,2,0,1,2,2,2,1,1,:2:0
1,0,0,0,0,2,0,0,0,:4:0
1,0,2,0,1,2,0,0,0,:3:0
1,0,2,1,1,2,0,2,0,:8:0.8988998
0,0,2,0,0,0,1,0,0,:1:0
0,1,2,0,0,0,1,2,0,:4:0
0,1,2,0,1,0,1,2,2,:3:0
2,1,2,1,1,0,1,2,2,:5:0
0,0,0,0,0,0,0,0,0,:7:0
0,0,0,0,2,0,0,1,0,:3:0
0,0,0,1,2,0,0,1,2,:6:-0.8986998
0,0,1,2,1,2,0,0,0,:6:0.8985997
0,0,0,1,0,2,0,0,0,:2:0
0,2,1,1,0,2,0,0,0,:0:0
1,2,1,1,2,2,0,0,0,:6:0.8984997
1,2,1,1,2,2,0,0,0,:7:0
1,2,1,1,2,2,0,0,0,:8:0
2,0,0,0,0,0,1,0,0,:4:0
2,0,0,0,1,2,1,0,0,:1:0
2,0,0,0,1,2,1,0,0,:2:0
2,0,0,0,1,2,1,0,0,:3:0
2,0,0,0,1,2,1,0,0,:7:0
2,0,0,0,1,2,1,0,0,:8:0
2,1,0,2,1,2,1,0,0,:8:0
2,1,0,2,1,2,1,2,1,:2:0
0,0,0,0,0,0,0,0,0,:5:0
0,0,2,0,0,1,0,0,0,:0:0
1,0,2,0,2,1,0,0,0,:1:0
1,0,2,0,2,1,0,0,0,:3:0
1,0,2,0,2,1,0,0,0,:6:0
1,0,2,0,2,1,0,0,0,:7:0
1,0,2,0,2,1,0,0,0,:8:0
1,2,2,0,2,1,1,0,0,:3:0.8982997
0,0,1,2,0,0,0,0,0,:0:0
1,2,1,2,0,0,0,0,0,:5:0
1,2,1,2,0,1,2,0,0,:7:0
1,2,1,2,0,1,2,1,2,:4:0
0,0,0,0,0,0,1,0,2,:7:0
0,0,2,0,0,0,1,1,2,:0:0
1,0,2,0,2,0,1,1,2,:3:0.8980997
1,0,2,0,0,0,0,0,0,:6:0
1,2,2,0,0,0,1,0,0,:7:0
1,2,2,0,2,0,1,1,0,:3:2.182015
1,2,2,0,2,0,1,1,0,:5:0
1,2,2,0,2,0,1,1,0,:8:0
0,0,0,0,2,0,1,0,0,:0:0
0,0,0,0,2,0,1,0,0,:1:0
0,0,0,0,2,0,1,0,0,:2:0
0,0,0,0,2,0,1,0,0,:5:0
0,0,0,0,2,0,1,0,0,:7:0
0,0,0,0,2,0,1,0,0,:8:0
2,0,0,1,2,0,1,0,0,:8:0
2,0,2,1,2,0,1,0,1,:5:-0.8978996
0,2,0,0,0,0,0,1,0,:0:0
1,2,0,0,0,0,2,1,0,:4:0
1,2,0,2,1,0,2,1,0,:5:0
1,2,0,2,1,1,2,1,2,:2:0
0,2,0,0,0,0,1,0,0,:0:0
1,2,0,0,0,0,1,0,2,:7:0
1,2,0,0,0,2,1,1,2,:3:0.8976996
1,0,0,2,0,0,0,0,0,:1:0
1,1,2,2,0,0,0,0,0,:4:0
1,1,2,2,1,2,0,0,0,:8:0.8975996
0,0,2,0,0,0,0,1,0,:3:0
2,0,2,1,0,0,0,1,0,:8:0
2,0,2,1,0,0,2,1,1,:4:0
2,0,2,1,1,2,2,1,1,:1:0
1,0,0,0,0,0,2,0,0,:1:0
1,1,2,0,0,0,2,0,0,:3:0
1,1,2,1,0,0,2,0,2,:4:-0.8973995
0,0,0,1,2,0,0,0,0,:1:0
0,1,0,1,2,2,0,0,0,:0:0
1,1,0,1,2,2,2,0,0,:7:-0.8972995
0,0,2,0,0,1,0,0,0,:1:0
0,0,2,0,0,1,0,0,0,:3:0
0,0,2,0,0,1,0,0,0,:4:0
0,0,2,0,0,1,0,0,0,:6:0
0,0,2,0,0,1,0,0,0,:7:0
0,0,2,0,0,1,0,0,0,:8:0
0,0,2,2,0,1,1,0,0,:4:0
0,0,2,2,1,1,1,2,0,:1:0
0,1,2,2,1,1,1,2,2,:0:0
0,0,0,0,0,0,0,0,0,:1:0
0,0,2,0,0,0,0,1,0,:8:0
0,0,2,2,0,0,0,1,1,:5:0
2,0,2,2,0,1,0,1,1,:4:-0.8970995
0,0,0,0,2,0,0,0,1,:0:0
0,0,0,0,2,0,0,0,1,:1:0
0,0,0,0,2,0,0,0,1,:2:0
0,0,0,0,2,0,0,0,1,:3:0
0,0,0,0,2,0,0,0,1,:5:0
0,0,0,0,2,0,0,0,1,:6:0
0,0,0,0,2,0,0,0,1,:7:0
1,0,0,0,2,0,2,0,1,:2:0
1,0,1,2,2,0,2,0,1,:1:0.8969995
0,0,0,1,0,0,0,2,0,:4:0
0,0,0,1,1,0,0,2,2,:5:0.8968995
0,1,0,0,0,0,0,0,2,:5:0
2,1,0,0,0,1,0,0,2,:6:0
2,1,0,2,0,1,1,0,2,:4:0
2,1,2,2,1,1,1,0,2,:7:0
0,2,0,0,1,0,0,0,0,:0:0
1,2,0,0,1,0,2,0,0,:3:0
1,2,0,1,1,0,2,0,2,:2:0
1,2,0,1,1,0,2,0,2,:5:0.8966994
1,2,0,1,1,0,2,0,2,:7:0
1,0,0,2,0,0,0,0,0,:6:0
1,0,2,2,0,0,1,0,0,:1:0
1,1,2,2,0,0,1,0,2,:7:-0.8965994
0,0,0,0,0,1,2,0,0,:8:0
0,0,2,0,0,1,2,0,1,:3:-0.8964994
2,0,0,0,0,0,0,0,1,:6:0
2,0,0,0,0,0,1,2,1,:3:0
2,2,0,1,0,0,1,2,1,:2:0
2,2,1,1,0,2,1,2,1,:4:0
0,0,0,0,0,2,1,0,0,:4:0
0,0,2,0,1,2,1,0,0,:1:0
0,1,2,0,1,2,1,2,0,:8:0
2,1,2,0,1,2,1,2,1,:3:0
1,0,2,2,0,0,1,0,0,:7:0
1,2,2,2,0,0,1,1,0,:5:0
1,2,2,2,0,1,1,1,2,:4:0
0,1,0,0,0,0,0,0,2,:4:0
0,1,0,0,1,0,2,0,2,:0:0
0,1,0,0,1,0,2,0,2,:2:0
0,1,0,0,1,0,2,0,2,:3:0
0,1,0,0,1,0,2,0,2,:5:0
0,1,0,0,1,0,2,0,2,:7:0
0,1,1,2,1,0,2,0,2,:7:0.8960993
0,1,0,0,0,0,0,2,0,:4:0
0,1,0,0,1,0,0,2,2,:2:0
0,1,1,2,1,0,0,2,2,:0:0.8959993
1,2,0,2,0,0,1,0,0,:8:0
1,2,0,2,2,0,1,0,1,:5:-0.8958993
0,0,1,0,0,0,0,2,0,:6:0
0,0,1,2,0,0,1,2,0,:0:0
0,0,1,2,0,0,1,2,0,:1:0
0,0,1,2,0,0,1,2,0,:4:0
0,0,1,2,0,0,1,2,0,:5:0
0,0,1,2,0,0,1,2,0,:8:0
0,0,1,2,0,1,1,2,2,:0:0
1,2,1,2,0,1,1,2,2,:4:0
0,0,0,0,0,0,1,0,2,:5:0
2,0,0,0,0,1,1,0,2,:1:-0.8956993
0,0,0,0,0,1,0,0,2,:6:0
0,0,2,0,0,1,1,0,2,:0:0
0,0,2,0,0,1,1,0,2,:1:0
0,0,2,0,0,1,1,0,2,:3:0
0,0,2,0,0,1,1,0,2,:4:0
0,0,2,0,0,1,1,0,2,:7:0
1,0,2,2,0,1,1,0,2,:4:0
1,0,2,2,1,1,1,2,2,:1:0
0,0,0,0,0,0,1,2,0,:0:0
1,2,0,0,0,0,1,2,0,:4:0
1,2,0,2,1,0,1,2,0,:8:0.8954992
0,2,2,0,0,0,0,1,1,:0:0
1,2,2,0,0,0,2,1,1,:3:0
1,2,2,1,0,2,2,1,1,:4:0
0,0,0,1,0,0,0,0,2,:4:0
0,0,0,1,1,2,0,0,2,:0:0
0,0,0,1,1,2,0,0,2,:1:0
0,0,0,1,1,2,0,0,2,:2:0
0,0,0,1,1,2,0,0,2,:6:0
0,0,0,1,1,2,0,0,2,:7:0
0,2,0,1,1,2,1,0,2,:0:0
0,2,0,1,1,2,1,0,2,:2:1.61797
0,2,0,1,1,2,1,0,2,:7:0
0,0,0,1,0,2,0,0,0,:1:0
0,1,0,1,0,2,0,2,0,:2:0
2,1,1,1,0,2,0,2,0,:6:0
2,1,1,1,2,2,1,2,0,:8:0
0,2,0,0,0,0,1,0,0,:7:0
0,2,0,0,0,0,1,1,2,:0:0
0,2,0,0,0,0,1,1,2,:2:0
0,2,0,0,0,0,1,1,2,:3:0
0,2,0,0,0,0,1,1,2,:4:0
0,2,0,0,0,0,1,1,2,:5:0
2,2,0,0,1,0,1,1,2,:2:0.8950992
2,2,0,0,1,0,1,1,2,:3:0
2,2,0,0,1,0,1,1,2,:5:0
0,0,0,0,0,0,0,1,2,:1:0
2,1,0,0,0,0,0,1,2,:3:-0.8949991
0,0,0,0,0,0,1,0,2,:0:0
1,0,0,0,0,2,1,0,2,:1:0
1,1,0,2,0,2,1,0,2,:7:-0.8948991
0,0,0,0,1,0,0,0,2,:3:0
0,0,0,1,1,2,1,2,2,:2:0.8947991
0,0,0,2,1,0,0,0,0,:7:0
0,0,2,2,1,0,0,1,0,:1:0.8946991
0,0,0,2,0,0,0,0,1,:2:0
0,0,1,2,0,0,2,0,1,:7:0
0,0,1,2,2,0,2,1,1,:1:-0.8945991
0,2,0,0,1,0,0,0,0,:6:0
0,2,0,0,1,0,1,0,2,:0:0
1,2,0,0,1,0,1,2,2,:3:0.8944991
0,0,0,0,0,2,1,0,0,:2:0
0,2,1,0,0,2,1,0,0,:8:0
0,2,1,2,0,2,1,0,1,:0:-0.894399
0,2,0,0,1,0,0,0,0,:2:0
0,2,1,0,1,0,2,0,0,:0:0
1,2,1,2,1,0,2,0,0,:7:0
1,2,1,2,1,0,2,1,2,:5:0
0,0,1,2,0,2,1,0,0,:0:-0.894199
2,0,0,1,0,0,0,0,0,:6:0
2,2,0,1,0,0,1,0,0,:5:-0.894099
0,2,0,0,0,0,0,1,0,:8:0
0,2,2,0,0,0,0,1,1,:3:0
0,2,2,0,0,0,0,1,1,:4:-0.8744957
0,2,2,0,0,0,0,1,1,:5:0
0,2,2,0,0,0,0,1,1,:6:0
0,2,2,0,2,1,0,1,1,:0:-0.893999
1,1,0,0,2,0,2,0,0,:5:-0.893899
0,2,0,0,0,0,0,0,1,:0:0
0,2,0,0,0,0,0,0,1,:2:0
0,2,0,0,0,0,0,0,1,:3:0
0,2,0,0,0,0,0,0,1,:4:0
0,2,0,0,0,0,0,0,1,:5:0
0,2,0,0,0,0,0,0,1,:6:0
0,2,0,0,0,0,0,0,1,:7:0
2,2,0,0,0,0,1,0,1,:3:0
2,2,0,1,0,2,1,0,1,:7:0.8937989
0,2,0,0,1,0,0,0,0,:3:0
0,2,0,1,1,0,0,2,0,:5:0.8936989
1,2,2,0,2,0,0,1,1,:5:0
1,2,2,2,2,1,0,1,1,:6:0
0,0,0,2,0,0,0,0,1,:0:0
1,0,0,2,2,0,0,0,1,:5:0
1,0,2,2,2,1,0,0,1,:1:-0.8934989
0,0,0,1,0,0,0,0,2,:0:0
1,2,0,1,0,0,0,0,2,:2:0
1,2,1,1,0,0,0,2,2,:6:1.605397
1,0,0,0,2,0,0,0,0,:2:0
1,0,1,0,2,0,0,2,0,:6:-0.8845974
1,0,1,0,2,2,1,2,0,:3:0.8932989
1,0,0,0,2,0,0,0,0,:1:0
1,0,0,0,2,0,0,0,0,:3:0
1,0,0,0,2,0,0,0,0,:5:0
1,0,0,0,2,0,0,0,0,:6:0
1,0,0,0,2,0,0,0,0,:8:0
1,0,0,2,2,1,0,0,0,:7:0
1,0,2,2,2,1,0,1,0,:1:0
1,1,2,2,2,1,0,1,2,:6:0
0,1,2,0,0,0,0,0,0,:6:0
0,1,2,0,2,0,1,0,0,:0:0
1,1,2,0,2,0,1,0,2,:7:0
1,1,2,2,2,0,1,1,2,:5:0
0,0,0,2,0,1,0,0,0,:7:0
0,0,2,2,0,1,0,1,0,:8:0
0,2,2,2,0,1,0,1,1,:0:0
0,2,2,2,0,1,0,1,1,:4:0
0,2,2,2,0,1,0,1,1,:6:0.881797
0,2,1,0,0,0,0,0,0,:4:0
2,2,1,0,1,0,0,0,0,:6:0.8928988
0,0,0,0,0,0,1,2,0,:5:0
0,0,0,0,2,1,1,2,0,:0:0
1,0,0,2,2,1,1,2,0,:1:0
1,0,0,2,2,1,1,2,0,:2:0
1,0,0,2,2,1,1,2,0,:8:0
1,0,1,2,2,1,1,2,2,:1:0
0,0,1,0,0,0,2,0,0,:1:0
0,1,1,0,2,0,2,0,0,:0:0.8926988
0,0,0,2,0,1,0,0,0,:1:0
0,1,0,2,0,1,2,0,0,:0:0
1,1,0,2,0,1,2,2,0,:2:0.8925987
0,0,0,0,1,2,0,0,0,:2:0
2,0,1,0,1,2,0,0,0,:8:0
2,0,1,0,1,2,2,0,1,:7:0
2,2,1,0,1,2,2,1,1,:3:0
0,0,2,0,0,0,1,1,2,:4:0
0,2,2,0,1,0,1,1,2,:0:0
0,2,2,0,1,0,1,1,2,:3:-0.8923987
0,2,2,0,1,0,1,1,2,:5:0
1,0,0,1,0,2,0,0,2,:4:0
1,0,0,1,1,2,2,0,2,:7:-0.1500948
0,0,0,1,0,2,0,0,0,:0:0
0,0,0,1,0,2,0,0,0,:4:0
0,0,0,1,0,2,0,0,0,:6:0
0,0,0,1,0,2,0,0,0,:7:0
0,0,0,1,0,2,0,0,0,:8:0
1,0,2,1,0,2,0,0,0,:6:0.8921987
0,0,0,1,0,0,0,2,0,:8:0
0,2,0,1,0,0,0,2,1,:4:0
0,2,2,1,1,0,0,2,1,:5:0.8920987
0,0,2,0,0,0,0,0,1,:0:0
1,0,2,0,0,2,0,0,1,:1:0
1,1,2,0,0,2,2,0,1,:4:0.8919986
1,0,2,0,0,0,0,0,0,:1:0
1,1,2,2,0,0,0,0,0,:5:0
1,1,2,2,0,0,0,0,0,:6:0
1,1,2,2,0,0,0,0,0,:7:0
1,1,2,2,0,0,0,0,0,:8:0
1,1,2,2,0,0,1,0,2,:4:0
1,1,2,2,1,0,1,2,2,:5:0
2,0,0,0,0,0,0,0,1,:4:0
2,0,2,0,1,0,0,0,1,:1:0
2,1,2,0,1,0,0,2,1,:6:0
2,1,2,2,1,0,1,2,1,:5:0
0,0,0,0,1,0,2,0,0,:2:0
0,0,1,0,1,0,2,0,2,:0:0
1,0,1,0,1,2,2,0,2,:7:0
1,0,1,2,1,2,2,1,2,:1:0
0,0,0,0,0,1,0,2,0,:1:0
0,1,0,2,0,1,0,2,0,:4:0
0,1,2,2,1,1,0,2,0,:8:0
0,1,2,2,1,1,2,2,1,:0:0
0,0,0,0,1,0,0,0,2,:0:0
1,0,0,2,1,0,0,0,2,:2:0
1,0,1,2,1,2,0,0,2,:6:0.8914986
0,0,2,0,0,0,1,0,0,:8:0
0,0,2,0,2,0,1,0,1,:3:0
0,2,2,1,2,0,1,0,1,:0:0.8913985
0,0,1,0,0,0,0,0,2,:0:0
1,0,1,0,2,0,0,0,2,:1:2.168707
2,0,0,1,2,0,1,0,0,:7:0
2,0,0,1,2,2,1,1,0,:2:-0.8911985
0,0,0,0,2,1,0,0,0,:0:0
1,2,0,0,2,1,0,0,0,:7:0
1,2,2,0,2,1,0,1,0,:8:-0.8910985
2,0,0,0,0,1,1,0,2,:2:0
2,0,0,0,0,1,1,0,2,:3:0
2,0,0,0,0,1,1,0,2,:4:0
2,0,0,0,0,1,1,0,2,:7:0
2,0,1,2,0,1,1,0,2,:7:0
2,2,1,2,0,1,1,1,2,:4:0
0,0,2,0,0,0,0,1,0,:5:0
0,0,2,0,0,1,2,1,0,:3:0
0,2,2,1,0,1,2,1,0,:0:0
1,2,2,1,0,1,2,1,2,:4:0
0,0,1,2,0,0,0,0,0,:1:0
0,1,1,2,2,0,0,0,0,:0:0
0,1,1,2,2,0,0,0,0,:5:0
0,1,1,2,2,0,0,0,0,:6:0
0,1,1,2,2,0,0,0,0,:7:0
0,1,1,2,2,0,0,0,0,:8:0
0,1,1,2,2,1,0,0,2,:6:0
0,1,1,2,2,1,1,2,2,:0:0
0,2,1,0,0,2,0,0,1,:4:0
0,2,1,2,1,2,0,0,1,:6:1.613604
2,1,0,0,0,0,0,0,0,:3:0
2,1,0,1,0,2,0,0,0,:6:0
2,1,0,1,2,2,1,0,0,:8:0
2,1,0,1,2,2,1,2,1,:2:0
0,2,0,0,0,1,0,0,0,:0:0
1,2,0,0,0,1,0,0,2,:6:0
1,2,2,0,0,1,1,0,2,:3:0.8904984
1,2,2,0,0,1,1,0,2,:4:0
1,2,2,0,0,1,1,0,2,:7:0
0,0,2,0,0,0,1,0,0,:5:0
0,0,2,0,2,1,1,0,0,:8:0
0,0,2,0,2,1,1,2,1,:3:0
2,0,2,1,2,1,1,2,1,:1:0
0,0,0,0,2,0,0,1,0,:1:0
0,1,2,0,2,0,0,1,0,:0:0
0,1,2,0,2,0,0,1,0,:3:0
0,1,2,0,2,0,0,1,0,:5:0
0,1,2,0,2,0,0,1,0,:6:0
0,1,2,0,2,0,0,1,0,:8:0
0,1,2,2,2,0,1,1,0,:5:0
0,1,2,2,2,1,1,1,2,:0:0
0,0,2,0,0,0,0,0,1,:3:0
0,2,2,1,0,0,0,0,1,:4:0
0,0,0,2,1,2,0,1,0,:2:0
2,0,1,2,1,2,0,1,0,:6:0.8900983
0,0,0,1,0,0,0,2,0,:5:0
0,2,0,1,0,1,0,2,0,:0:0
0,2,0,1,0,1,0,2,0,:2:0
0,2,0,1,0,1,0,2,0,:4:0
0,2,0,1,0,1,0,2,0,:6:0
0,2,0,1,0,1,0,2,0,:8:0
1,2,0,1,0,1,0,2,2,:4:1.597818
0,0,0,0,0,1,2,0,0,:4:0
0,0,0,0,1,1,2,2,0,:0:0
1,0,0,2,1,1,2,2,0,:1:-0.8898983
0,0,0,0,1,0,0,0,2,:2:0
0,0,1,2,1,0,0,0,2,:7:0
0,2,1,2,1,0,0,1,2,:5:0
2,2,1,2,1,1,0,1,2,:6:0
0,0,0,0,0,1,0,0,2,:3:0
0,0,0,1,2,1,0,0,2,:0:0
1,0,0,1,2,1,2,0,2,:2:0
1,2,1,1,2,1,2,0,2,:7:0
0,0,0,0,0,2,0,0,1,:7:0
2,0,0,0,0,2,0,1,1,:6:0.8895983
0,1,0,0,0,0,0,0,2,:3:0
0,1,0,1,0,0,0,2,2,:5:0
0,1,0,1,2,1,0,2,2,:6:-0.8825971
0,1,2,1,2,1,1,2,2,:0:0
0,2,2,0,1,1,0,0,0,:6:-0.8454909
0,2,2,0,1,1,1,2,0,:0:0
1,2,2,0,1,1,1,2,2,:3:0
0,0,0,0,0,0,0,1,2,:6:0
0,0,2,0,0,0,1,1,2,:1:-0.8892982
0,1,0,0,0,0,0,2,0,:3:0
0,1,2,1,0,0,0,2,0,:5:0
2,1,2,1,0,1,0,2,0,:6:0
2,1,2,1,0,1,1,2,2,:4:0
0,1,0,0,0,0,0,0,2,:0:0
1,1,0,2,0,0,0,0,2,:2:0.8890982
0,1,0,0,0,0,2,0,0,:2:0
0,1,1,0,0,0,2,0,2,:0:0.8889982
0,0,1,0,2,0,0,0,0,:3:0
0,0,1,1,2,0,0,2,0,:6:0
2,0,1,1,2,0,1,2,0,:1:0
0,0,0,2,0,0,0,0,1,:6:0
0,0,0,2,0,2,1,0,1,:7:0.8887981
1,0,0,0,0,0,2,0,0,:7:0
1,0,0,0,0,2,2,1,0,:1:0
1,0,0,0,0,2,2,1,0,:2:0
1,0,0,0,0,2,2,1,0,:3:0
1,0,0,0,0,2,2,1,0,:4:0
1,0,0,0,0,2,2,1,0,:8:0
1,0,2,1,0,2,2,1,0,:1:0
1,0,2,1,0,2,2,1,0,:4:-0.8886981
1,0,2,1,0,2,2,1,0,:8:0
0,1,0,0,0,0,0,0,2,:2:0
0,1,1,0,0,0,0,2,2,:5:-0.8885981
0,0,0,0,0,0,2,0,1,:0:0
0,0,0,0,0,0,2,0,1,:1:0
0,0,0,0,0,0,2,0,1,:2:0
0,0,0,0,0,0,2,0,1,:3:0
0,0,0,0,0,0,2,0,1,:4:0
0,0,0,0,0,0,2,0,1,:5:0
0,0,0,0,0,0,2,0,1,:7:0
0,0,0,0,1,2,2,0,1,:1:0
2,1,0,0,1,2,2,0,1,:2:0
2,1,0,0,1,2,2,0,1,:3:0
2,1,0,0,1,2,2,0,1,:7:0
2,1,1,0,1,2,2,2,1,:3:0
0,0,0,0,0,1,0,0,2,:1:0
0,1,0,2,0,1,0,0,2,:4:0
0,1,0,2,1,1,0,2,2,:6:0
0,2,2,1,1,0,0,0,0,:0:0
1,2,2,1,1,0,0,0,2,:6:0.888298
2,0,1,0,0,0,0,0,0,:1:0
2,1,1,2,0,0,0,0,0,:5:-0.888198
0,0,0,1,2,0,0,0,0,:7:0
0,2,0,1,2,0,0,1,0,:8:0
2,2,0,1,2,0,0,1,1,:6:0.888098
1,0,0,0,0,0,0,0,2,:3:0
1,0,0,1,0,0,2,0,2,:2:-0.887998
0,0,1,0,2,0,0,0,0,:6:0
0,0,1,0,2,2,1,0,0,:7:0
0,0,1,0,2,2,1,1,2,:1:-0.887898
0,0,0,0,0,0,2,1,0,:2:0
2,0,1,0,0,0,2,1,0,:1:0
2,1,1,0,2,0,2,1,0,:3:0
2,1,1,1,2,2,2,1,0,:8:0
0,2,1,0,0,0,2,0,1,:4:0
0,2,1,2,1,0,2,0,1,:0:0.8876979
0,0,0,2,0,0,0,1,0,:8:0
0,0,2,2,0,0,0,1,1,:6:0.8875979
0,0,0,2,2,0,0,1,1,:2:0
2,0,1,2,2,0,0,1,1,:1:-0.8874979
0,0,0,2,0,1,0,0,0,:4:0
0,0,0,2,1,1,0,0,2,:1:0
2,1,0,2,1,1,0,0,2,:2:-0.8873979
2,1,0,2,1,1,0,0,2,:6:0
2,1,0,2,1,1,0,0,2,:7:-0.8788965
0,2,1,0,0,0,0,0,0,:6:0
0,2,1,0,0,2,1,0,0,:3:0
0,2,1,1,0,2,1,0,2,:0:0.8872979
0,1,0,0,0,2,0,0,0,:2:0
0,1,1,0,0,2,0,0,2,:7:0
0,1,1,0,0,2,2,1,2,:4:0.8871979
0,0,0,2,1,0,0,0,0,:5:0
2,0,0,2,1,1,0,0,0,:2:0
2,2,1,2,1,1,0,0,0,:6:0.8870978
2,0,1,0,0,0,0,0,0,:3:0
2,0,1,0,0,0,0,0,0,:4:0
2,0,1,0,0,0,0,0,0,:5:0
2,0,1,0,0,0,0,0,0,:6:0
2,0,1,0,0,0,0,0,0,:8:0
2,2,1,0,1,0,0,0,0,:3:0.6335995
2,2,1,1,1,0,0,0,2,:6:0.8869978
0,0,1,0,0,0,2,0,0,:5:0
0,0,1,2,0,1,2,0,0,:1:0
0,1,1,2,0,1,2,2,0,:4:-0.8868978
2,0,1,1,0,0,0,0,2,:7:0
2,0,1,1,0,2,0,1,2,:1:0
2,1,1,1,0,2,2,1,2,:4:0
2,1,0,0,0,0,0,1,2,:4:1.601503
1,0,2,0,0,0,0,0,0,:3:0
1,0,2,0,0,0,0,0,0,:4:0
1,0,2,0,0,0,0,0,0,:5:0
1,0,2,0,0,0,0,0,0,:7:0
1,0,2,0,0,0,0,0,0,:8:0
1,1,2,2,1,0,2,0,0,:8:0.8865978
1,2,0,0,0,0,0,0,0,:6:0
1,2,0,2,0,2,1,0,1,:2:-0.8571929
1,2,1,2,0,2,1,2,1,:4:0
2,1,1,0,0,0,0,0,2,:3:-0.8863977
0,0,2,0,1,0,0,0,0,:6:0
0,0,2,0,1,2,1,0,0,:7:-0.8862977
1,0,0,2,0,0,0,0,0,:7:0
1,0,0,2,2,0,0,1,0,:8:-0.8861977
0,0,0,2,1,0,0,0,0,:8:0
0,0,2,2,1,0,0,0,1,:7:0
0,2,2,2,1,0,0,1,1,:0:0.8860977
0,0,0,0,0,1,0,2,0,:0:0
1,0,0,0,0,1,2,2,0,:2:-0.1054365
0,0,0,2,0,0,1,0,0,:4:0
2,0,0,2,1,0,1,0,0,:1:0
2,1,0,2,1,0,1,2,0,:2:0.8858976
0,0,0,2,0,0,0,1,0,:1:0
0,1,0,2,0,0,2,1,0,:4:0.8857976
0,1,0,2,0,0,2,1,0,:2:-0.2580585
0,0,0,2,0,1,0,0,0,:0:0
1,0,0,2,2,1,0,0,0,:2:0
1,0,1,2,2,1,2,0,0,:1:0.8855976
0,0,0,2,0,0,0,1,0,:6:0
0,0,0,2,0,2,1,1,0,:0:0
0,0,0,2,0,2,1,1,0,:1:0
0,0,0,2,0,2,1,1,0,:2:0
0,0,0,2,0,2,1,1,0,:4:0
0,0,0,2,0,2,1,1,0,:8:0
2,0,1,2,0,2,1,1,0,:1:-0.8854976
0,0,0,2,0,0,1,0,0,:7:0
0,0,2,2,0,0,1,1,0,:4:0
0,0,2,2,1,0,1,1,2,:5:0
2,0,2,2,1,1,1,1,2,:1:0
1,1,0,2,0,2,0,0,0,:6:0
1,1,2,2,0,2,1,0,0,:8:-0.8852975
0,0,1,0,0,0,0,0,2,:5:0
0,2,1,0,0,1,0,0,2,:0:0
0,2,1,0,0,1,0,0,2,:3:0
0,2,1,0,0,1,0,0,2,:4:0
0,2,1,0,0,1,0,0,2,:6:0
0,2,1,0,0,1,0,0,2,:7:0
0,2,1,1,2,1,0,0,2,:7:0
0,2,1,1,2,1,2,1,2,:0:0
0,0,0,0,2,1,1,0,2,:1:0
0,1,2,0,2,1,1,0,2,:3:-0.8850975
2,0,0,0,0,0,1,0,0,:2:0
2,0,1,0,0,0,1,0,2,:7:0
2,0,1,2,0,0,1,1,2,:4:0.8849975
2,0,1,0,0,0,0,2,1,:3:0
2,0,1,1,0,0,2,2,1,:1:0
2,1,1,1,2,0,2,2,1,:5:0
0,0,0,0,1,0,0,0,2,:1:0
2,1,0,0,1,0,0,0,2,:5:0
2,1,0,0,0,0,0,0,0,:4:0
2,1,0,0,1,0,0,2,0,:6:0
2,1,2,0,1,0,1,2,0,:3:0
2,1,2,1,1,2,1,2,0,:8:0
0,0,2,0,1,0,1,0,2,:5:0
2,0,2,0,1,1,1,0,2,:1:0
0,2,0,1,0,0,0,0,0,:7:0
2,2,0,1,0,0,0,1,0,:5:0
2,2,0,1,0,1,0,1,2,:2:-0.8843974
0,0,1,0,0,0,0,2,0,:4:0
0,2,1,0,1,0,0,2,0,:0:0
0,2,1,0,1,0,0,2,0,:3:0
0,2,1,0,1,0,0,2,0,:5:0
0,2,1,0,1,0,0,2,0,:6:0.8842974
0,2,1,0,1,0,0,2,0,:8:0.5914813
0,0,0,0,0,2,0,1,0,:0:0
1,0,0,2,1,2,2,1,0,:2:0
1,2,1,2,1,2,2,1,0,:8:0
0,2,0,0,0,1,1,2,0,:8:0
2,2,0,0,0,1,1,2,1,:2:-0.8840973
2,2,0,0,0,1,1,2,1,:3:0
2,2,0,0,0,1,1,2,1,:4:0
0,0,1,0,0,0,0,2,0,:8:0
0,2,1,0,0,0,0,2,1,:6:0
2,2,1,0,0,0,1,2,1,:5:0.8839973
0,2,0,1,0,0,0,0,0,:8:0
0,2,0,1,0,0,2,0,1,:5:0
0,2,0,1,2,1,2,0,1,:0:-0.8838973
1,0,0,0,0,0,2,0,0,:5:0
1,0,2,0,0,1,2,0,0,:8:-0.8837973
0,2,1,0,0,0,0,0,0,:7:0
0,2,1,0,0,0,0,1,2,:0:0
1,2,1,0,0,0,2,1,2,:5:0
2,0,1,0,0,2,1,0,0,:8:0
2,0,1,2,0,2,1,0,1,:4:0.8835973
0,2,0,0,0,0,0,1,0,:2:0
2,2,1,0,0,0,0,1,0,:3:0
2,2,1,0,0,0,0,1,0,:4:0
2,2,1,0,0,0,0,1,0,:5:0
2,2,1,0,0,0,0,1,0,:6:0
2,2,1,2,0,0,1,1,0,:8:0.8834972
0,0,0,0,0,1,0,2,0,:2:0
0,0,0,0,0,1,0,2,0,:3:0
0,0,0,0,0,1,0,2,0,:4:0
0,0,0,0,0,1,0,2,0,:6:0
0,0,0,0,0,1,0,2,0,:8:0
0,0,0,0,0,1,1,2,2,:3:0
0,0,2,1,0,1,1,2,2,:0:0.8833972
0,2,0,0,0,0,0,1,0,:4:0
0,2,0,0,1,0,2,1,0,:5:0
2,2,0,0,1,1,2,1,0,:8:-0.8832972
2,0,0,0,0,0,0,1,0,:3:0
2,0,0,1,0,0,2,1,0,:2:0
2,0,1,1,0,0,2,1,2,:1:-0.8831972
0,0,0,0,0,2,0,1,0,:6:0
0,0,0,0,0,2,1,1,2,:2:0
0,2,1,0,0,2,1,1,2,:0:0
1,2,1,2,0,2,1,1,2,:4:0
1,0,0,0,0,0,0,2,0,:8:0
1,0,0,0,0,2,0,2,1,:4:0.8829972
0,0,2,2,1,0,1,0,0,:1:0
0,1,2,2,1,0,1,2,0,:0:0
1,1,2,2,1,2,1,2,0,:8:0
1,0,2,0,0,0,0,1,2,:6:0
1,0,2,2,0,0,1,1,2,:5:0
1,0,2,2,2,1,1,1,2,:1:0
0,1,0,0,0,2,0,0,0,:7:0
0,1,2,0,0,2,0,1,0,:4:0.8826971
0,1,0,1,2,0,0,0,2,:5:0
0,2,1,0,0,0,0,2,1,:4:0
0,2,1,0,1,2,0,2,1,:6:0.8824971
0,1,0,1,0,0,0,2,2,:6:0
0,1,0,1,0,2,1,2,2,:0:0.8823971
0,1,0,1,0,2,1,2,2,:2:0
0,1,0,1,0,2,1,2,2,:4:0
0,0,0,0,0,2,0,1,0,:4:0
0,2,0,0,1,2,0,1,0,:0:0
1,2,2,0,1,2,0,1,0,:8:0.882297
0,1,2,0,0,0,0,0,0,:4:0
0,1,2,0,1,0,0,0,2,:3:0
0,1,2,1,1,0,2,0,2,:5:0.882197
0,0,0,0,0,2,0,1,0,:8:0
0,0,0,0,0,2,2,1,1,:1:0
0,1,0,0,2,2,2,1,1,:3:-0.882097
0,1,0,2,1,0,0,2,0,:5:0
0,1,0,2,1,1,2,2,0,:0:0
1,1,2,2,1,1,2,2,0,:8:0
0,0,0,2,0,1,1,0,2,:1:0
2,1,0,2,0,1,1,0,2,:2:0
2,1,0,2,0,1,1,0,2,:7:0
2,1,1,2,0,1,1,2,2,:4:0
1,1,0,2,2,0,0,0,0,:2:0.8816969
0,0,2,1,0,1,0,2,0,:1:0
0,1,2,1,0,1,2,2,0,:0:0
0,1,2,1,0,1,2,2,0,:4:0.8815969
0,1,2,1,0,1,2,2,0,:8:0
0,0,0,0,2,2,1,1,0,:0:0
1,0,0,0,2,2,1,1,2,:2:0
1,2,1,0,2,2,1,1,2,:3:0
0,0,2,1,0,0,0,0,0,:7:0
0,2,2,1,0,0,0,1,0,:0:0
1,2,2,1,0,0,0,1,2,:4:-0.8813969
1,2,2,1,0,0,0,1,2,:5:0.5816085
1,2,2,1,0,0,0,1,2,:6:0.8752959
2,0,0,0,0,1,0,0,0,:1:0
2,1,0,0,0,1,2,0,0,:4:-0.8324888
2,1,2,0,1,1,2,0,0,:3:0.8812969
2,1,2,0,1,1,2,0,0,:7:0
2,1,2,0,1,1,2,0,0,:8:0
0,1,0,0,2,0,1,0,2,:3:0
0,1,0,1,2,0,1,2,2,:0:1.585094
2,1,0,0,0,0,0,0,0,:5:0
2,1,0,0,0,1,0,2,0,:4:0
2,1,0,0,1,1,0,2,2,:6:0
2,1,0,2,1,1,1,2,2,:2:0
0,0,0,0,0,1,2,0,0,:0:0
1,0,1,2,0,1,2,2,0,:1:0.8809968
0,1,0,0,0,0,2,0,0,:4:0
0,1,2,0,1,0,2,0,0,:5:0
0,1,2,0,1,1,2,2,0,:3:1.566059
0,0,2,0,1,0,2,0,1,:1:0
0,1,2,0,1,0,2,2,1,:0:0
0,1,2,0,1,0,2,2,1,:3:0
0,1,2,0,1,0,2,2,1,:5:0
2,1,2,1,1,0,2,2,1,:5:0
0,0,0,0,0,0,1,2,0,:4:0
2,0,0,0,1,0,1,2,0,:5:0
2,2,0,0,1,1,1,2,0,:2:0.8806968
2,2,0,0,1,1,1,2,0,:3:0
2,2,0,0,1,1,1,2,0,:8:0
0,0,2,0,0,0,0,0,1,:7:0
0,0,2,2,0,0,0,1,1,:1:0.6252927
0,1,2,2,2,0,0,1,1,:0:-0.8805968
0,0,2,0,0,0,1,0,0,:7:0
1,2,2,2,1,0,1,1,2,:5:0
2,0,0,0,1,0,0,0,0,:5:0
2,0,0,2,1,1,0,0,0,:7:0
2,0,2,2,1,1,0,1,0,:6:0
0,2,0,0,0,0,1,0,0,:3:0
0,2,0,1,0,0,1,0,2,:4:0.5980976
1,2,0,0,0,0,0,0,0,:3:0
1,2,0,1,0,0,0,0,2,:6:0.8801967
0,2,0,1,0,0,0,0,0,:5:0
0,2,2,1,0,1,0,0,0,:6:0
0,2,2,1,2,1,1,0,0,:8:-0.8800967
0,0,2,1,2,0,1,0,0,:5:0
0,0,2,1,2,1,1,2,0,:1:0
2,0,0,0,0,0,0,0,1,:3:0
2,0,0,1,0,0,2,0,1,:1:0
2,1,0,1,2,0,2,0,1,:7:0
2,1,0,1,2,2,2,1,1,:2:0
0,0,0,0,1,0,0,2,0,:0:0
1,0,0,0,1,2,0,2,0,:1:0
1,1,0,0,1,2,0,2,2,:2:0.8797966
0,0,0,2,1,0,0,0,0,:6:0
0,0,2,2,1,0,1,0,0,:5:0
2,0,2,2,1,1,1,0,0,:7:-0.8796966
0,0,0,2,1,0,0,0,0,:2:0
0,0,1,2,1,2,0,0,0,:8:0.6323242
0,2,1,2,1,2,0,0,1,:0:0
0,2,1,2,1,2,0,0,1,:7:0
2,0,2,0,1,2,1,0,1,:7:0.8794966
0,0,1,0,0,0,2,0,0,:7:0
0,0,1,0,2,0,2,1,0,:8:0
0,2,1,0,2,0,2,1,1,:5:0.8793966
0,1,2,0,1,0,2,0,0,:7:0.8792965
0,0,0,0,0,2,0,0,1,:0:0
0,0,0,0,0,2,0,0,1,:1:0
0,0,0,0,0,2,0,0,1,:2:0
0,0,0,0,0,2,0,0,1,:3:0
0,0,0,0,0,2,0,0,1,:4:0
0,0,0,0,0,2,0,0,1,:6:0
1,2,0,0,0,2,0,0,1,:4:0.8791965
2,0,0,0,0,1,0,0,0,:4:0
2,0,0,0,1,1,0,2,0,:3:1.575522
0,0,0,0,1,2,0,0,0,:3:0
0,0,2,1,1,2,0,0,0,:1:0
0,1,2,1,1,2,2,0,0,:8:0
2,1,2,1,1,2,2,0,1,:7:0
0,1,0,0,0,0,0,0,2,:6:0
0,1,0,0,0,0,0,0,2,:7:0
0,1,1,0,0,2,2,0,0,:3:0
2,1,1,1,0,2,2,0,0,:4:0
2,1,1,1,1,2,2,0,2,:7:0
2,0,1,2,1,0,0,0,0,:1:0
2,1,1,2,1,2,0,0,0,:6:0.8786964
0,1,0,0,0,0,2,0,0,:3:0
0,1,0,1,2,0,2,0,0,:2:0
0,1,1,1,2,0,2,0,2,:0:0.8785964
0,1,2,0,0,0,1,0,2,:0:0
1,1,2,2,0,0,1,0,2,:5:0
1,1,2,2,2,1,1,0,2,:7:0
0,0,0,1,1,0,2,0,2,:7:0
0,0,0,1,1,2,2,1,2,:1:0.8783964
0,0,0,0,0,0,1,0,2,:1:0
0,0,0,0,0,0,1,0,2,:2:0
0,0,0,0,0,0,1,0,2,:3:0
0,1,0,0,0,2,1,0,2,:2:0
2,1,1,0,0,2,1,0,2,:4:0.8782964
1,0,0,1,0,0,0,2,2,:6:0.8781964
0,0,2,1,0,2,1,0,0,:1:0
2,1,2,1,0,2,1,0,0,:4:-0.8780963
2,1,2,1,0,2,1,0,0,:7:0
2,1,2,1,0,2,1,0,0,:8:0
0,1,2,0,0,2,2,1,1,:3:-0.8779963
0,0,2,0,0,0,1,0,0,:0:0
0,0,2,0,0,0,1,0,0,:3:0
0,0,2,0,0,0,1,0,0,:4:0
0,0,2,0,0,2,1,1,0,:3:0
0,0,2,1,2,2,1,1,0,:1:0
2,1,2,1,2,2,1,1,0,:8:0
0,0,2,1,1,0,2,0,0,:7:0
0,0,2,1,1,0,2,1,2,:0:0
0,0,2,1,1,0,2,1,2,:1:0.8777963
0,0,2,1,1,0,2,1,2,:5:0
1,0,0,2,0,0,0,0,0,:8:0
1,0,0,2,0,0,2,0,1,:1:0
1,0,0,2,0,0,2,0,1,:2:0
1,0,0,2,0,0,2,0,1,:4:0
1,0,0,2,0,0,2,0,1,:5:0
1,0,0,2,0,0,2,0,1,:7:0
1,1,2,2,0,0,2,0,1,:7:0
1,1,2,2,0,2,2,1,1,:4:0
0,1,0,0,0,0,0,2,0,:2:0
0,1,1,0,0,0,2,2,0,:3:0
2,1,1,1,0,0,2,2,0,:4:0
2,1,1,1,0,0,2,2,0,:5:0
2,1,1,1,0,0,2,2,0,:8:0
2,1,1,1,1,2,2,2,0,:8:0
0,2,2,0,0,1,0,0,1,:7:0
0,2,2,0,2,1,0,1,1,:6:-0.8774962
0,0,0,0,2,0,0,1,0,:6:0
0,0,0,0,2,2,1,1,0,:1:0
0,1,2,0,2,2,1,1,0,:3:-0.8773962
0,2,0,1,0,0,0,0,0,:2:0
0,2,1,1,2,0,0,0,0,:5:0
2,2,1,1,2,1,0,0,0,:6:-0.8772962
0,1,2,0,0,0,0,0,0,:3:0
0,1,2,1,0,0,0,2,0,:8:0
0,1,2,1,2,0,0,2,1,:0:0
1,1,2,1,2,2,0,2,1,:6:0
1,0,0,0,0,0,0,0,2,:1:0
1,1,0,0,0,2,0,0,2,:7:0
1,1,0,2,0,2,0,1,2,:2:0.8770962
0,0,0,2,0,0,1,0,0,:0:0
0,0,0,2,0,0,1,0,0,:1:0
0,0,0,2,0,0,1,0,0,:2:0
0,0,0,2,0,0,1,0,0,:5:0
0,0,0,2,0,0,1,0,0,:8:0
0,0,0,2,1,0,1,2,0,:0:0
0,0,0,2,1,0,1,2,0,:1:0
0,0,0,2,1,0,1,2,0,:2:1.580951
0,0,0,2,1,0,1,2,0,:5:0
0,0,0,2,1,0,1,2,0,:8:0
0,2,1,1,0,2,0,0,0,:6:0
0,2,1,1,0,2,1,2,0,:8:0
0,0,1,0,0,0,2,0,0,:4:0
0,0,1,0,1,0,2,2,0,:0:0
1,0,1,2,1,0,2,2,0,:5:-0.8767961
0,0,2,1,0,2,1,0,0,:8:0
0,2,2,1,0,2,1,0,1,:0:1.598436
2,0,0,0,0,0,0,0,1,:7:0
2,0,2,0,0,0,0,1,1,:3:0
2,0,2,1,0,0,2,1,1,:5:-0.8765961
0,0,0,2,2,0,1,1,0,:8:1.580124
0,1,0,0,2,0,0,0,0,:5:0
2,1,0,0,2,1,0,0,0,:6:0
2,1,0,2,2,1,1,0,0,:2:0
2,1,1,2,2,1,1,2,0,:8:0
0,0,0,0,0,1,2,2,1,:0:0
1,0,0,2,0,1,2,2,1,:1:0
1,1,2,2,0,1,2,2,1,:4:0
0,0,1,0,0,2,2,1,0,:1:0
2,1,1,0,0,2,2,1,0,:4:-0.9804254
0,0,0,0,1,0,2,0,0,:1:0
0,1,0,0,1,0,2,2,0,:0:0
0,1,0,0,1,0,2,2,0,:2:0
0,1,0,0,1,0,2,2,0,:3:0
0,1,0,0,1,0,2,2,0,:5:-0.9838423
0,1,0,0,1,0,2,2,0,:8:0
0,0,0,0,0,1,2,0,0,:3:0
0,0,0,1,2,1,2,0,0,:0:0
0,0,0,1,2,1,2,0,0,:1:0
0,0,0,1,2,1,2,0,0,:2:0
0,0,0,1,2,1,2,0,0,:7:0
0,0,0,1,2,1,2,0,0,:8:0
1,2,0,1,2,1,2,0,0,:8:-0.875996
0,0,0,2,0,0,0,1,0,:0:0
0,0,0,2,0,0,0,1,0,:2:0
0,0,0,2,0,0,0,1,0,:4:0
0,0,0,2,0,0,0,1,0,:5:0
2,0,0,2,0,1,0,1,0,:1:0
2,1,0,2,2,1,0,1,0,:2:0
2,1,0,2,2,1,0,1,0,:6:0
2,1,0,2,2,1,0,1,0,:8:0
2,1,2,2,2,1,1,1,0,:8:0
0,0,2,1,0,2,0,0,1,:4:0
0,0,2,1,1,2,2,0,1,:7:0
0,2,2,1,1,2,2,1,1,:0:0
0,0,0,2,0,2,0,1,1,:4:0
2,0,0,2,1,2,0,1,1,:1:-0.8756959
2,0,0,2,1,2,0,1,1,:2:0
2,0,0,2,1,2,0,1,1,:6:0
2,0,0,0,1,0,0,0,0,:1:0
2,0,0,0,1,0,0,0,0,:2:0
2,0,0,0,1,0,0,0,0,:3:0
2,0,0,0,1,0,0,0,0,:6:0
2,0,0,0,1,0,0,0,0,:7:0
2,0,0,0,1,0,0,0,0,:8:0
2,1,0,0,1,2,1,2,0,:2:0
2,1,0,0,1,2,1,2,0,:3:0
2,1,0,0,1,2,1,2,0,:8:0
0,0,1,2,0,0,0,0,0,:6:0
0,2,1,2,0,0,1,0,0,:0:0
1,2,1,2,0,2,1,0,0,:4:1.594476
1,0,0,0,0,2,0,0,0,:6:0
1,0,2,0,0,2,1,0,0,:4:0
1,0,2,2,1,2,1,0,0,:1:0
1,0,2,2,1,2,1,0,0,:7:0
1,0,2,2,1,2,1,0,0,:8:0
0,2,0,1,0,0,0,0,0,:6:0
0,2,0,1,0,2,1,0,0,:8:0
1,0,0,0,0,0,0,2,0,:1:0
1,0,0,0,0,0,0,2,0,:2:0
1,0,0,0,0,0,0,2,0,:3:0
1,0,0,0,0,0,0,2,0,:4:0
1,0,0,0,0,0,0,2,0,:6:0
1,2,0,0,0,0,1,2,0,:5:0
1,2,0,0,0,1,1,2,2,:3:0.8750958
0,0,0,0,1,0,0,2,0,:8:0
0,0,0,2,1,0,0,2,1,:5:0
0,0,2,2,1,1,0,2,1,:1:0
2,1,2,2,1,1,0,2,1,:6:0
0,0,2,0,2,1,1,0,0,:1:0
0,1,2,0,2,1,1,2,0,:3:0
2,1,2,1,2,1,1,2,0,:8:0
0,0,2,1,0,2,0,1,0,:1:0
0,1,2,1,0,2,2,1,0,:4:0.8747958
2,0,0,0,2,0,1,0,1,:7:0.8746958
2,0,0,0,1,1,0,0,2,:6:0
2,0,0,0,1,1,1,2,2,:3:0.8745958
0,1,0,0,0,2,2,0,1,:4:0
0,1,0,2,1,2,2,0,1,:2:0
0,1,1,2,1,2,2,2,1,:0:0
1,0,0,0,2,2,0,1,0,:8:0
1,2,0,0,2,2,0,1,1,:3:0
0,2,0,0,0,0,1,2,1,:0:0
0,2,0,0,0,0,1,2,1,:2:0
0,2,0,0,0,0,1,2,1,:3:0
0,2,0,0,0,0,1,2,1,:4:0
0,2,0,0,0,0,1,2,1,:5:0
0,2,0,2,1,0,1,2,1,:2:1.583498
2,2,1,0,0,2,1,1,0,:3:0
2,2,1,1,2,2,1,1,0,:8:0
1,2,2,0,0,1,0,0,0,:6:0
1,2,2,0,2,1,1,0,0,:7:0.6280881
1,2,2,2,2,1,1,1,0,:8:0
1,0,0,2,2,1,0,0,0,:6:0
1,0,0,2,2,1,1,0,2,:7:0
0,1,0,2,0,1,2,0,0,:2:-0.8392899
0,1,0,2,0,1,2,0,0,:4:0
0,1,0,2,0,1,2,0,0,:7:0
0,1,0,2,0,1,2,0,0,:8:0
1,1,0,2,0,1,2,0,2,:7:0
1,1,2,2,0,1,2,1,2,:4:0
0,2,0,0,0,0,1,0,0,:4:0
2,2,0,0,1,0,1,0,0,:2:0.8736956
0,0,0,2,0,1,0,0,0,:2:0
0,0,0,2,0,1,0,0,0,:6:0
0,0,0,2,0,1,0,0,0,:8:0
2,0,0,2,0,1,1,0,0,:4:0
2,0,0,2,1,1,1,0,2,:1:0
0,2,0,0,2,0,1,0,1,:2:0
0,2,1,2,2,0,1,0,1,:0:-0.8734956
0,0,0,0,2,0,0,1,0,:0:0
1,0,0,0,2,0,0,1,2,:6:0
1,0,0,2,2,0,1,1,2,:5:0
1,2,0,2,2,1,1,1,2,:2:0
0,2,0,1,0,0,1,0,2,:0:0.8732955
1,2,1,0,0,0,0,0,2,:7:0
1,2,1,2,0,0,0,1,2,:5:0
1,2,1,2,2,1,0,1,2,:6:0
0,0,0,0,2,1,0,0,0,:7:0
2,0,0,0,2,1,0,1,0,:8:0
2,2,0,0,2,1,0,1,1,:3:-0.8730955
0,0,2,0,0,0,0,1,0,:4:0
2,0,2,0,1,0,0,1,0,:3:0
2,0,2,1,1,0,0,1,2,:5:0.8729955
1,0,2,0,0,0,1,0,2,:1:0
1,0,2,0,0,0,1,0,2,:3:0
1,0,2,0,0,0,1,0,2,:4:0
1,0,2,0,0,0,1,0,2,:5:0
1,0,2,0,0,0,1,0,2,:7:0
1,0,2,0,2,1,1,0,2,:1:0
0,0,0,0,2,1,0,2,1,:6:0
2,0,0,0,2,1,1,2,1,:1:0
2,1,0,2,2,1,1,2,1,:2:0
0,0,0,0,2,1,0,0,0,:2:0
0,0,1,0,2,1,0,2,0,:1:0
0,1,1,0,2,1,0,2,2,:0:0.8726954
0,0,1,2,0,2,0,1,0,:0:0
0,0,1,2,0,2,0,1,0,:1:0
0,0,1,2,0,2,0,1,0,:4:0
0,0,1,2,0,2,0,1,0,:6:0
0,0,1,2,0,2,0,1,0,:8:0
1,0,1,2,0,2,2,1,0,:1:0.8725954
0,0,2,1,0,1,0,0,2,:7:0
0,0,2,1,0,1,2,1,2,:4:0.8724954
0,0,0,0,0,2,1,0,0,:7:0
0,0,0,0,0,2,1,1,2,:3:-0.8723954
0,2,2,0,1,1,0,0,0,:3:-0.8722954
0,0,1,0,0,2,0,0,0,:0:0
0,0,1,0,0,2,0,0,0,:1:0
0,0,1,0,0,2,0,0,0,:3:0
0,0,1,0,0,2,0,0,0,:4:0
0,0,1,0,0,2,0,0,0,:6:0
0,0,1,0,0,2,0,0,0,:7:0
0,0,1,0,0,2,0,0,0,:8:0
0,2,1,1,0,2,0,0,0,:8:0
0,2,1,1,2,2,0,0,1,:7:0
0,2,1,1,2,2,2,1,1,:0:0
0,0,0,0,1,0,0,2,0,:5:0
1,0,0,2,1,1,2,2,0,:8:0.8720953
0,1,0,0,0,0,2,0,0,:0:0
0,1,0,0,0,0,2,0,0,:5:0
0,1,0,0,0,0,2,0,0,:7:0
0,1,0,0,0,0,2,0,0,:8:0
0,1,1,1,2,2,2,0,0,:0:0.8719953
0,0,0,0,1,0,0,0,2,:7:0
0,0,2,0,1,0,0,1,2,:5:0
0,0,2,0,1,1,2,1,2,:0:0
1,2,2,0,1,1,2,1,2,:3:0
0,0,0,0,1,2,0,2,1,:3:0
0,2,0,1,1,2,0,2,1,:2:0
2,2,1,1,1,2,0,2,1,:6:0
0,2,0,0,1,0,0,0,0,:5:0
0,2,0,0,1,1,0,2,0,:3:0.8716953
1,0,0,2,0,0,0,0,0,:2:0
1,2,1,2,0,0,0,0,0,:6:0
0,0,2,0,1,0,0,0,0,:0:0
0,0,2,0,1,0,0,0,0,:1:0
0,0,2,0,1,0,0,0,0,:3:0
0,0,2,0,1,0,0,0,0,:5:0
0,0,2,0,1,0,0,0,0,:7:0
0,0,2,0,1,0,0,0,0,:8:0
2,1,2,0,1,0,0,0,0,:5:0
2,1,2,0,1,1,0,2,0,:8:0
2,1,2,0,1,1,2,2,1,:3:0
0,2,2,0,1,0,1,0,0,:0:0
1,2,2,0,1,0,1,0,2,:3:0.8713952
0,0,1,0,2,0,0,0,0,:7:0
0,0,1,0,2,0,2,1,0,:1:0
2,1,1,0,2,0,2,1,0,:5:-0.8712952
0,0,0,1,2,2,0,0,1,:1:0
0,1,2,1,2,2,0,0,1,:6:0
2,1,2,1,2,2,1,0,1,:7:0
2,0,1,0,0,1,0,0,2,:6:0
2,2,1,0,0,1,1,0,2,:4:0.8710952
0,2,0,0,1,0,1,0,2,:3:0
2,2,0,1,1,0,1,0,2,:5:-0.134228
0,0,1,2,0,2,0,0,1,:4:0
0,0,1,2,1,2,2,0,1,:7:-0.8708951
1,0,0,2,2,0,0,0,1,:6:0
1,0,0,2,2,0,1,2,1,:5:-0.8707951
0,0,0,2,1,0,0,1,2,:2:0
0,2,1,2,1,1,2,1,2,:0:0
0,0,1,0,2,0,0,0,0,:0:0
0,0,1,0,2,0,0,0,0,:1:0
0,0,1,0,2,0,0,0,0,:5:0
0,0,1,0,2,0,0,0,0,:8:0
0,0,1,1,2,0,0,0,2,:6:0
0,2,1,1,2,0,1,0,2,:0:0.8705951
0,0,2,0,1,0,0,2,1,:0:0.8704951
0,2,0,0,1,0,2,1,0,:8:0
0,2,0,0,1,2,2,1,1,:0:0.8703951
0,0,0,0,0,2,0,1,0,:1:0
0,1,0,0,0,2,2,1,0,:8:0
2,1,0,0,0,2,2,1,1,:2:0
2,1,1,0,2,2,2,1,1,:3:0
0,0,0,0,1,2,0,0,0,:8:0
2,0,0,0,1,2,0,0,1,:2:0
2,0,1,2,1,2,0,0,1,:6:1.560359
0,1,2,0,0,0,0,0,0,:0:0
0,1,2,0,0,0,0,0,0,:5:0
0,1,2,0,0,0,0,0,0,:7:0
0,1,2,0,0,0,0,0,0,:8:0
0,1,2,0,2,1,0,0,0,:6:0
0,1,2,2,2,1,1,0,0,:0:0
1,1,2,2,2,1,1,2,0,:8:0
0,2,1,0,0,0,2,0,1,:7:0
0,2,1,2,0,0,2,1,1,:0:0
1,2,1,2,0,2,2,1,1,:4:0
0,1,0,0,0,2,0,0,0,:4:0
0,1,2,0,1,2,0,0,0,:6:0
0,1,2,2,1,2,1,0,0,:7:0.869895
0,0,1,2,0,1,0,2,0,:0:0
1,0,1,2,2,1,0,2,0,:1:0.869795
0,0,0,0,1,2,0,0,0,:6:0
0,0,0,2,1,2,1,0,0,:8:0
0,0,2,2,1,2,1,0,1,:7:0.8696949
2,1,0,2,0,0,1,0,0,:7:0
2,1,0,2,2,0,1,1,0,:5:0
0,0,0,0,0,1,0,0,2,:0:0
0,0,0,0,0,1,0,0,2,:2:0
0,0,0,0,0,1,0,0,2,:4:0
0,0,0,0,0,1,0,0,2,:7:0
2,1,0,0,0,1,0,0,2,:2:0
2,1,1,0,0,1,0,2,2,:6:-0.8693949
1,0,0,0,0,2,0,0,0,:3:0
1,0,2,1,0,2,0,0,0,:1:-0.2488279
2,1,0,0,0,0,0,0,0,:6:0
2,1,0,0,0,0,1,2,0,:8:0
2,1,0,0,0,2,1,2,1,:3:0
2,1,2,1,0,2,1,2,1,:4:0
1,2,0,0,0,2,0,0,1,:2:0.6112841
1,2,1,0,0,2,2,0,1,:3:0
1,2,1,1,2,2,2,0,1,:7:0
0,1,2,0,0,2,0,1,0,:0:-0.2553474
2,0,0,0,0,0,0,1,0,:1:0
2,1,0,0,0,0,0,1,2,:2:0
2,1,0,0,0,0,0,1,2,:5:0
2,1,0,0,0,0,0,1,2,:6:0
1,0,0,0,2,0,0,2,1,:2:0
1,0,1,2,2,0,0,2,1,:1:0.8687948
2,0,0,0,1,1,2,0,0,:1:0
2,0,0,0,1,1,2,0,0,:2:0
2,0,0,0,1,1,2,0,0,:3:0.8464911
2,0,0,0,1,1,2,0,0,:7:0
2,0,0,0,1,1,2,0,0,:8:0
2,0,2,0,1,1,2,1,0,:8:-0.9812093
0,2,1,1,0,0,0,0,2,:4:0
0,2,1,1,1,0,2,0,2,:0:0
0,2,1,1,1,0,2,0,2,:5:0
0,2,1,1,1,0,2,0,2,:7:0
1,2,1,1,1,2,2,0,2,:7:0
0,1,0,0,0,0,0,2,0,:0:0
1,1,0,0,2,0,0,2,0,:2:0
1,1,0,0,2,0,0,2,0,:3:0
1,1,0,0,2,0,0,2,0,:5:0
1,1,0,0,2,0,0,2,0,:6:0
1,1,0,0,2,0,0,2,0,:8:0
1,1,0,0,2,2,1,2,0,:8:-0.8684947
1,2,0,2,0,0,0,1,0,:2:0
1,2,1,2,0,2,0,1,0,:8:-0.8683947
0,1,2,0,2,0,1,0,0,:8:0
2,1,2,0,2,0,1,0,1,:7:0.8682947
1,0,0,2,0,0,2,1,0,:8:0
1,0,0,2,0,2,2,1,1,:1:-0.8681947
0,1,2,0,0,2,0,1,0,:3:0.6130117
0,1,2,1,2,2,0,1,0,:8:-0.8680947
1,2,2,0,0,0,0,0,1,:3:0
1,2,2,1,0,0,0,2,1,:4:0.8679947
1,0,2,2,1,0,0,0,0,:5:0
1,0,2,2,1,1,2,0,0,:8:0.8678946
0,0,0,0,1,0,0,0,2,:5:0
2,0,0,0,1,1,0,0,2,:1:0
2,1,0,0,1,1,0,2,2,:2:-0.8596933
2,1,1,2,1,1,0,2,2,:6:0
0,2,0,1,0,0,0,0,0,:0:0
0,2,0,1,0,0,0,0,0,:4:0
0,2,0,1,1,2,0,0,0,:7:0
0,2,0,1,1,2,0,1,2,:0:0
1,2,0,1,1,2,2,1,2,:2:0
0,2,0,0,1,1,2,0,0,:0:0
0,2,0,0,1,1,2,0,0,:2:0
0,2,0,0,1,1,2,0,0,:3:0
0,2,0,0,1,1,2,0,0,:7:0
0,2,0,0,1,1,2,0,0,:8:0
0,2,2,0,1,1,2,1,0,:0:0
0,2,2,0,1,1,2,1,0,:3:0
0,2,2,0,1,1,2,1,0,:8:0
1,2,2,2,1,1,2,1,0,:8:0
1,2,0,2,0,1,0,0,0,:4:0
1,2,0,2,1,1,0,0,2,:6:0
1,2,0,2,1,1,1,2,2,:2:0
0,0,0,1,2,0,0,0,0,:0:0
1,0,0,1,2,0,2,0,0,:1:0
1,1,0,1,2,0,2,0,2,:2:0
1,1,0,1,2,0,2,0,2,:5:-0.8673946
1,1,0,1,2,0,2,0,2,:7:0
0,0,0,0,0,0,0,1,2,:2:0
0,0,1,0,0,2,0,1,2,:6:0
2,0,1,0,0,2,1,1,2,:1:-0.8672945
1,2,0,0,0,0,1,0,2,:4:0
1,2,2,0,1,0,1,0,2,:7:-0.2626592
2,0,2,0,0,1,1,0,0,:8:0
2,0,2,0,0,1,1,2,1,:1:0
2,1,2,0,2,1,1,2,1,:3:0
0,0,0,2,1,1,0,2,0,:0:0
0,0,0,2,1,1,0,2,0,:1:0
0,0,0,2,1,1,0,2,0,:2:0
0,0,0,2,1,1,0,2,0,:6:0
0,0,0,2,1,1,0,2,0,:8:0
1,2,0,0,0,0,0,0,0,:2:0
1,2,1,0,0,0,0,0,2,:3:0
0,2,0,0,0,0,1,0,0,:5:0
2,2,0,0,0,1,1,0,0,:8:0
2,2,0,2,0,1,1,0,1,:7:-0.8667945
0,0,2,0,0,0,0,0,1,:6:0
0,2,2,0,0,0,1,0,1,:7:0.8666945
0,2,1,0,1,0,0,0,2,:6:0.8665944
1,2,0,0,2,1,0,0,0,:6:-0.8664944
1,2,0,1,0,0,2,0,0,:2:0
1,2,1,1,0,0,2,2,0,:4:-0.8663944
1,0,0,0,1,0,0,2,2,:3:0
1,0,2,1,1,0,0,2,2,:1:0
1,0,2,1,1,0,0,2,2,:5:0.8662944
1,0,2,1,1,0,0,2,2,:6:0
0,0,0,0,0,0,0,2,1,:3:0
0,0,0,1,0,2,0,2,1,:6:0
0,2,0,1,0,2,1,2,1,:2:-0.8661944
0,0,0,2,2,1,0,1,0,:2:0
0,0,1,2,2,1,2,1,0,:0:0
1,0,1,2,2,1,2,1,2,:1:0
0,2,1,0,0,2,0,1,0,:3:0
0,2,1,1,2,2,0,1,0,:0:0
1,2,1,1,2,2,0,1,2,:6:0
0,0,1,0,2,0,2,0,1,:0:0
1,0,1,0,2,0,2,2,1,:1:0.8658943
0,2,0,2,0,0,0,1,1,:5:0
0,2,0,2,0,1,2,1,1,:2:-0.8657943
2,0,0,0,0,0,0,1,0,:8:0
2,0,0,2,0,0,0,1,1,:4:-0.1453598
0,2,1,0,2,0,0,0,1,:3:0
0,2,1,1,2,2,0,0,1,:0:-0.8655943
0,0,2,1,0,0,0,0,0,:8:0
0,0,2,1,0,0,2,0,1,:7:0
2,0,2,1,0,0,2,1,1,:1:-0.8654943
2,0,2,0,1,0,0,0,1,:3:-0.8653942
0,0,0,0,0,0,1,2,0,:1:0
0,0,0,0,0,0,1,2,0,:2:0
0,0,0,0,0,0,1,2,0,:3:0
0,0,0,0,0,0,1,2,0,:8:0
0,0,2,0,0,1,1,2,0,:0:0
0,0,2,0,0,1,1,2,0,:1:0
0,0,2,0,0,1,1,2,0,:3:0
0,0,2,0,0,1,1,2,0,:4:0
0,0,2,0,0,1,1,2,0,:8:0
0,1,2,0,0,1,1,2,2,:0:0
0,1,2,0,0,1,1,2,2,:3:0
0,1,2,0,0,1,1,2,2,:4:0
1,1,2,2,0,1,1,2,2,:4:0
1,0,0,0,0,0,1,2,2,:3:1.553961
1,0,0,0,0,2,0,0,0,:1:0
1,1,0,2,0,2,0,0,0,:7:-0.8650942
0,2,0,1,0,1,0,0,2,:7:0
0,2,0,1,2,1,0,1,2,:0:0
1,2,0,1,2,1,2,1,2,:2:0
0,0,0,0,0,1,2,1,2,:2:0
0,2,1,0,0,1,2,1,2,:4:0
2,2,1,0,1,1,2,1,2,:3:0
0,0,2,1,0,0,0,2,1,:0:0
1,2,2,1,0,0,0,2,1,:6:1.465304
0,2,0,0,1,0,0,0,0,:7:0
0,2,0,0,1,0,0,0,0,:8:0
0,2,0,0,1,1,0,0,2,:0:0
0,2,0,0,1,1,0,0,2,:2:0
0,2,0,0,1,1,0,0,2,:3:0.8420904
0,2,0,0,1,1,0,0,2,:6:0
0,2,0,0,1,1,0,0,2,:7:0
0,2,1,0,1,1,2,0,2,:7:0
0,0,1,2,0,0,0,0,0,:5:0
0,0,1,2,0,0,0,0,0,:7:0
0,0,1,2,0,0,0,0,0,:8:0
0,0,1,2,0,1,0,2,0,:8:0.8645941
1,0,1,2,0,0,2,0,0,:8:0
1,0,1,2,2,0,2,0,1,:5:2.073564
0,2,0,1,0,0,2,1,0,:8:0
0,2,0,1,2,0,2,1,1,:0:0
2,1,0,2,0,1,0,0,0,:4:0
2,1,0,2,1,1,0,2,0,:2:0
2,1,0,2,1,1,0,2,0,:6:0
2,1,0,2,1,1,0,2,0,:8:0
0,0,0,0,0,0,0,1,2,:3:0
0,0,0,1,0,2,0,1,2,:1:0
0,1,0,1,0,2,2,1,2,:2:0
0,1,1,1,2,2,2,1,2,:0:0
1,0,0,2,0,1,2,0,0,:2:0
1,0,1,2,0,1,2,2,0,:8:1.473105
0,0,0,0,2,1,2,0,1,:2:0.863994
2,0,0,0,0,1,0,0,0,:7:0
2,0,0,0,0,1,2,1,0,:1:-0.9781945
1,0,0,0,0,1,2,2,0,:8:0
1,0,0,2,0,1,2,2,1,:2:0.863794
1,0,0,2,0,0,0,0,0,:4:0
1,0,0,2,1,0,2,0,0,:2:0
1,0,1,2,1,0,2,2,0,:1:1.565866
0,0,0,2,1,2,1,0,0,:0:0
1,0,0,2,1,2,1,0,2,:7:0
1,2,0,2,1,2,1,1,2,:2:0
1,0,2,0,1,2,2,1,0,:1:0.8634939
0,2,0,0,0,0,0,1,0,:3:0
0,2,0,0,0,0,0,1,0,:5:0
0,2,0,0,0,0,0,1,0,:6:0
0,2,0,1,0,0,0,1,2,:2:0
0,2,1,1,0,0,2,1,2,:0:0
1,2,1,1,0,2,2,1,2,:4:0
0,1,2,0,0,1,0,2,0,:0:0
0,1,2,0,0,1,0,2,0,:3:0
0,1,2,0,0,1,0,2,0,:4:0
0,1,2,0,0,1,0,2,0,:6:0
0,1,2,0,0,1,0,2,0,:8:0
0,0,0,2,0,0,0,0,1,:7:0
0,0,0,2,0,0,2,1,1,:2:-0.8631939
0,0,0,1,0,0,0,2,0,:1:0
0,1,0,1,2,0,0,2,0,:0:0
0,1,0,1,2,0,0,2,0,:2:0
0,1,0,1,2,0,0,2,0,:5:0
0,1,0,1,2,0,0,2,0,:6:0
0,1,0,1,2,0,0,2,0,:8:0
0,1,1,1,2,2,0,2,0,:0:0.8630939
0,1,1,1,2,2,0,2,0,:6:0
0,1,1,1,2,2,0,2,0,:8:0
0,0,0,0,0,0,2,1,0,:0:0
1,0,0,0,0,0,2,1,2,:5:0
1,0,2,0,0,1,2,1,2,:4:0
1,0,2,0,2,0,1,0,0,:1:0
1,1,2,2,2,0,1,0,0,:5:0
0,0,2,1,0,0,0,0,0,:0:0
1,0,2,1,0,0,0,2,0,:1:0
1,1,2,1,0,2,0,2,0,:6:0.8627938
0,2,2,1,0,0,0,0,1,:7:0
0,2,2,1,0,0,2,1,1,:4:0
1,0,0,0,0,2,1,2,0,:1:0
1,1,0,0,0,2,1,2,2,:4:-0.8625938
2,0,0,1,1,0,0,0,2,:2:0
2,0,1,1,1,0,2,0,2,:1:0
0,2,0,0,0,1,2,0,1,:3:0
2,2,0,1,0,1,2,0,1,:7:0
2,2,0,1,2,1,2,1,1,:2:0
0,1,0,2,1,0,2,0,0,:7:1.550468
0,2,0,1,1,0,0,0,2,:7:0
0,2,2,1,1,0,0,1,2,:6:-0.8621937
0,2,1,2,1,0,0,0,0,:8:0
2,2,1,2,1,0,0,0,1,:7:-0.9806232
0,0,0,1,2,0,0,0,0,:2:0
0,0,0,1,2,0,0,0,0,:5:0
0,0,0,1,2,0,0,0,0,:6:0
0,0,0,1,2,0,0,0,0,:8:0
0,0,0,1,2,0,1,2,0,:8:0
0,0,2,1,2,0,1,2,1,:5:0
2,1,0,0,0,0,0,0,0,:8:0
2,1,0,0,2,0,0,0,1,:6:0
2,1,0,0,2,2,1,0,1,:2:0
2,1,1,0,2,2,1,2,1,:3:0
0,2,0,0,0,2,0,1,1,:0:0
0,2,0,0,0,2,0,1,1,:2:0
0,2,0,0,0,2,0,1,1,:3:0
0,2,0,0,0,2,0,1,1,:4:0
0,2,0,0,0,2,0,1,1,:6:0
0,2,2,0,1,2,0,1,1,:0:0.8617936
0,0,2,2,1,0,0,0,1,:5:0
0,0,2,2,1,1,2,0,1,:0:1.563792
1,0,0,0,2,0,2,0,1,:1:0
1,1,0,2,2,0,2,0,1,:2:0.8615936
1,0,0,0,2,0,0,2,1,:3:0
1,0,2,1,2,0,0,2,1,:1:0
2,0,0,1,0,0,0,0,0,:2:0
2,0,1,1,0,0,2,0,0,:5:0
2,2,1,1,0,1,2,0,0,:8:0.8613936
2,0,0,0,0,1,0,0,0,:3:0
2,0,0,1,0,1,2,0,0,:7:0
2,2,0,1,0,1,2,1,0,:4:-0.8612936
0,0,1,2,0,0,0,1,2,:1:0
2,1,1,2,0,0,0,1,2,:5:-0.8611935
1,0,0,0,0,0,0,0,2,:2:0
1,0,0,0,0,0,0,0,2,:4:0
1,0,0,0,0,0,0,0,2,:5:0
1,0,0,0,0,0,0,0,2,:6:0
1,0,0,0,0,0,0,0,2,:7:0
1,0,0,0,0,1,0,2,2,:3:0
0,0,1,0,0,1,0,2,2,:3:-0.851792
0,2,1,1,0,1,0,2,2,:4:0.8609935
2,0,2,0,0,1,1,0,0,:1:0
2,1,2,0,0,1,1,0,2,:3:-0.8608935
0,1,0,2,0,0,0,0,0,:7:0
0,1,0,2,0,0,2,1,0,:0:0.6099202
1,1,0,2,2,0,2,1,0,:8:-0.8606935
1,0,0,2,2,1,0,0,0,:1:0
1,0,0,2,2,1,0,0,0,:8:0
1,0,0,2,2,1,0,1,2,:2:0
0,0,2,0,2,1,0,0,1,:6:0
2,0,2,0,2,1,1,0,1,:1:0
2,1,2,2,2,1,1,0,1,:7:0
0,0,0,0,1,1,2,2,0,:3:0.8603934
2,0,0,0,0,0,1,0,0,:5:0
2,0,0,0,0,1,1,2,0,:3:0
2,2,0,1,0,1,1,2,0,:2:0
2,2,1,1,0,1,1,2,2,:4:0
0,1,0,2,0,0,0,0,0,:2:0
0,1,1,2,0,2,0,0,0,:8:0
0,1,1,2,0,2,0,2,1,:4:0
0,1,2,0,0,0,1,0,2,:4:-0.8600934
0,0,0,0,2,2,1,0,1,:0:0
1,0,0,0,2,2,1,2,1,:2:-0.8599933
1,0,0,1,0,2,2,0,0,:4:0
1,2,0,1,1,2,2,0,0,:7:0
0,0,0,1,0,2,2,0,1,:2:0
0,0,1,1,0,2,2,2,1,:0:0
1,0,1,1,2,2,2,2,1,:1:0
2,1,0,0,1,1,0,2,2,:3:0
0,2,0,0,1,0,0,2,1,:6:0
2,0,0,0,0,1,0,0,0,:8:0
2,0,0,0,0,1,0,2,1,:4:0
2,0,2,0,1,1,0,2,1,:6:0
2,0,2,2,1,1,1,2,1,:1:0
0,0,0,1,0,0,0,0,2,:5:0
0,0,0,1,0,1,2,0,2,:0:0
0,0,0,1,0,1,2,0,2,:1:0
0,0,0,1,0,1,2,0,2,:2:-0.8592932
0,0,0,1,0,1,2,0,2,:4:0
0,0,0,1,0,1,2,0,2,:7:0
0,1,0,0,0,1,0,2,2,:0:0
1,1,2,0,0,1,0,2,2,:6:0
1,1,2,0,2,1,1,2,2,:3:0
1,2,1,0,2,0,0,0,0,:8:-0.8590932
0,2,1,0,2,0,1,0,0,:0:0
1,2,1,0,2,2,1,0,0,:3:0.8589932
0,0,2,2,0,1,0,1,0,:0:0
1,0,2,2,0,1,0,1,2,:1:0
0,0,0,0,2,0,0,1,0,:5:0
0,0,0,0,2,1,0,1,2,:2:0
0,0,1,0,2,1,2,1,2,:1:-0.8587931
0,0,0,2,0,0,0,0,1,:1:0
0,1,0,2,2,0,0,0,1,:2:0
2,1,1,2,2,0,0,0,1,:5:0
2,1,1,2,2,0,0,0,1,:6:0
2,1,1,2,2,0,0,0,1,:7:0
2,1,1,2,2,0,1,2,1,:5:0
0,2,0,1,2,0,1,0,0,:0:0
0,2,0,1,2,0,1,0,0,:2:0
0,2,0,1,2,0,1,0,0,:5:0
0,2,0,1,2,0,1,0,0,:7:0
0,2,0,1,2,0,1,0,0,:8:0
0,2,2,1,2,0,1,1,0,:0:0.8585931
0,2,1,0,0,0,0,2,1,:5:0.8584931
1,1,0,0,2,0,0,0,2,:3:0
1,1,0,1,2,0,0,2,2,:6:0.8583931
0,1,2,0,0,2,1,0,0,:4:0
0,1,2,0,1,2,1,2,0,:3:0
0,2,0,0,0,1,0,1,2,:0:0
1,2,0,2,0,1,0,1,2,:6:0
2,0,1,0,0,1,0,0,2,:3:0
2,0,1,1,0,1,0,2,2,:6:0
0,2,0,2,0,0,0,1,1,:4:0
2,2,0,2,1,0,0,1,1,:5:-0.857993
0,0,1,0,0,0,2,0,0,:0:0
1,0,1,2,0,0,2,0,0,:1:0
1,0,1,2,0,0,2,0,0,:4:0
1,0,1,2,0,0,2,0,0,:5:0
1,0,1,2,0,0,2,0,0,:7:0
1,2,1,2,0,0,2,1,0,:5:0
1,2,1,2,2,1,2,1,0,:8:0
0,0,2,1,0,2,0,0,1,:6:0
2,0,2,1,0,2,1,0,1,:4:-0.857793
2,0,0,1,2,1,0,0,0,:8:0
2,0,0,1,2,1,0,2,1,:1:0
2,0,0,1,2,1,0,2,1,:2:0
2,0,0,1,2,1,0,2,1,:6:0
2,1,2,1,2,1,0,2,1,:6:0
1,0,1,0,0,0,2,0,2,:5:-0.8575929
2,2,0,1,0,0,0,1,0,:8:0
2,2,0,1,0,2,0,1,1,:6:-0.8574929
0,0,1,0,0,2,2,1,0,:4:0
0,2,1,0,1,2,2,1,0,:0:0
2,0,0,0,0,1,1,2,0,:2:0
2,0,1,2,0,1,1,2,0,:1:0
2,0,1,2,0,1,1,2,0,:4:0
2,0,1,2,0,1,1,2,0,:8:0
0,0,0,0,0,2,1,0,0,:0:0
0,0,0,0,0,2,1,0,0,:1:0
0,0,0,0,0,2,1,0,0,:3:0
0,0,0,0,0,2,1,0,0,:8:0
1,2,0,0,0,2,1,0,0,:8:0
2,0,1,0,0,0,1,2,0,:1:0
2,1,1,2,0,0,1,2,0,:5:0
0,1,0,2,0,2,0,1,0,:0:0
1,1,0,2,0,2,2,1,0,:2:1.555993
1,1,0,2,0,2,2,1,0,:4:0
1,1,0,2,0,2,2,1,0,:8:0
0,0,1,2,2,0,0,1,0,:5:0
0,0,1,2,2,1,0,1,2,:6:-0.8567928
0,1,0,2,1,0,0,2,0,:0:0
0,1,0,2,1,0,0,2,0,:2:0
0,1,0,2,1,0,0,2,0,:6:0
0,1,0,2,1,0,0,2,0,:8:0
1,1,2,2,1,0,0,2,0,:5:0
1,1,2,2,1,0,0,2,0,:6:0
1,1,2,2,1,0,0,2,0,:8:0
1,1,2,2,1,1,0,2,2,:6:0
1,0,0,2,0,2,0,0,1,:2:-0.8565928
0,0,1,0,2,0,2,1,0,:3:0
2,0,1,1,2,0,2,1,0,:1:0
2,0,1,1,2,0,2,1,0,:5:-0.8564928
2,0,1,1,2,0,2,1,0,:8:0
0,0,0,0,0,0,0,1,2,:0:0
1,2,0,0,0,0,0,1,2,:3:0
1,2,0,1,0,2,0,1,2,:6:0.8563927
2,0,0,0,0,0,1,0,0,:1:0
2,1,0,2,0,0,1,0,0,:2:0
2,1,1,2,2,0,1,0,0,:5:-0.8562927
2,2,0,1,1,0,1,0,2,:2:0
2,2,0,1,1,0,1,0,2,:7:0
1,0,0,0,0,0,2,1,2,:4:0
1,0,0,2,1,0,2,1,2,:2:0
0,1,1,0,2,0,0,2,0,:8:0
0,1,1,2,2,0,0,2,1,:5:0.8558927
0,1,0,0,0,0,1,2,2,:2:0
2,1,1,0,0,0,1,2,2,:3:0
2,1,1,1,0,2,1,2,2,:4:0
0,2,0,2,0,0,1,1,0,:4:0
2,2,0,2,1,0,1,1,0,:8:0.8556926
0,2,0,0,0,0,1,0,0,:8:0
0,2,0,2,0,0,1,0,1,:4:0
0,2,0,2,1,0,1,2,1,:0:1.939456
1,0,2,0,0,1,0,0,2,:4:0
1,0,2,0,1,1,2,0,2,:1:0
0,2,2,0,0,0,1,1,0,:0:0
0,1,0,0,0,2,0,0,0,:0:0
1,1,2,0,0,2,0,0,0,:6:0
1,1,2,0,2,2,1,0,0,:8:-0.8552926
1,0,2,1,0,0,0,2,0,:5:0
1,0,2,1,2,1,0,2,0,:6:0.8551925
2,0,1,0,0,0,1,2,0,:8:0
2,2,1,0,0,0,1,2,1,:4:1.459812
1,0,2,0,0,2,1,0,0,:8:0
1,0,2,2,0,2,1,0,1,:1:-0.8549925
0,1,2,0,0,0,2,0,1,:5:0
0,1,2,0,0,1,2,2,1,:4:0
0,0,2,0,0,0,0,1,0,:0:0
1,0,2,0,0,0,2,1,0,:5:0
1,0,2,0,0,1,2,1,2,:3:0
2,1,1,0,0,2,0,1,2,:3:-0.8546925
2,0,1,2,0,1,0,0,0,:4:0
2,0,1,2,1,1,0,0,2,:6:0.8545924
1,2,0,0,2,0,0,1,0,:2:0
1,2,1,0,2,2,0,1,0,:3:0
1,2,1,0,2,2,0,1,0,:6:0
1,2,1,0,2,2,0,1,0,:8:0
1,0,0,0,0,0,2,0,0,:4:0
1,0,2,0,1,0,2,0,0,:8:0.8542924
0,1,1,2,0,0,2,0,0,:8:0
0,1,1,2,2,0,2,0,1,:5:0.8541924
2,0,0,0,0,0,0,0,1,:1:0
2,1,0,0,0,0,0,2,1,:3:0
2,1,2,1,0,0,0,2,1,:5:0
1,0,2,0,0,1,0,2,0,:1:0
1,0,2,0,0,1,0,2,0,:3:0
1,0,2,0,0,1,0,2,0,:4:0
1,0,2,0,0,1,0,2,0,:6:0
1,0,2,0,0,1,0,2,0,:8:0
1,0,2,1,0,1,0,2,2,:1:-0.8539923
2,1,1,0,2,0,0,0,0,:8:0
2,1,1,0,2,0,2,0,1,:7:-0.8538923
0,2,1,0,0,0,0,2,1,:3:0.5863798
2,2,1,1,0,0,0,2,1,:4:0
2,2,1,1,0,0,0,2,1,:5:0
2,2,1,1,0,0,0,2,1,:6:0
0,0,0,0,1,0,0,2,0,:6:0
0,2,0,1,0,0,1,2,0,:5:-0.8535923
0,0,1,0,2,2,0,0,1,:0:0
1,0,1,0,2,2,2,0,1,:7:-0.8534923
1,0,2,0,2,0,0,0,1,:3:-0.8533922
0,1,0,1,2,0,0,0,2,:7:-0.8532922
0,0,0,2,2,0,1,1,0,:0:0
0,0,0,2,2,0,1,1,0,:1:0
0,0,0,2,2,0,1,1,0,:2:0
0,0,0,2,2,0,1,1,0,:5:0
0,0,0,0,1,2,0,0,0,:0:0
0,0,0,0,1,2,0,0,0,:1:0
0,0,0,0,1,2,0,0,0,:7:0
1,2,0,0,1,2,1,0,2,:2:0.8530922
2,1,0,0,0,0,2,1,0,:8:0
2,1,0,0,0,2,2,1,1,:3:0
1,2,0,1,0,0,0,2,0,:2:-0.1446604
1,0,0,0,1,0,2,0,2,:3:0
1,0,2,1,1,0,2,0,2,:1:-0.8527921
0,2,0,0,0,1,0,0,0,:2:0
0,2,1,0,0,1,1,2,2,:3:-0.8526921
0,0,0,0,0,2,0,1,0,:2:0
0,0,0,0,0,2,0,1,0,:3:0
1,0,0,0,0,2,0,1,2,:4:0
1,2,0,0,1,2,0,1,2,:2:0
1,2,1,0,1,2,2,1,2,:3:0
2,0,0,2,0,1,0,1,0,:4:-0.8524921
0,1,2,2,0,1,0,0,0,:7:0
0,1,2,2,2,1,0,1,0,:8:0
2,1,2,2,2,1,0,1,1,:6:0
1,2,0,0,0,0,0,0,0,:8:0
1,2,0,0,0,0,0,2,1,:2:0
1,2,0,0,0,0,0,2,1,:3:0
1,2,0,0,0,0,0,2,1,:4:0
1,2,0,0,0,0,0,2,1,:5:0
1,2,0,0,0,0,0,2,1,:6:0
1,2,2,0,0,1,0,2,1,:4:0.8522921
0,0,1,2,2,1,2,1,0,:1:-0.8348892
0,1,1,2,2,1,2,1,2,:0:0
0,0,0,2,1,0,0,0,0,:0:0
0,0,2,2,1,0,1,0,0,:8:0
0,0,2,2,1,0,1,2,1,:0:0.852092
0,0,2,2,1,0,1,2,1,:1:0
0,0,2,2,1,0,1,2,1,:5:0
0,0,0,0,0,1,2,0,0,:1:0
0,1,0,0,2,1,2,0,0,:3:0
2,1,0,1,2,1,2,0,0,:2:0
2,1,1,1,2,1,2,2,0,:8:0
0,0,2,1,0,0,0,0,0,:5:0
0,0,2,1,0,1,2,0,0,:0:0
0,0,2,1,0,1,2,0,0,:1:0
0,0,2,1,0,1,2,0,0,:4:0
0,0,2,1,0,1,2,0,0,:7:0
0,0,2,1,0,1,2,0,0,:8:0
0,0,2,1,0,1,2,1,2,:0:0.5946175
0,0,1,0,0,1,0,2,2,:0:0
0,0,1,0,0,1,0,2,2,:1:0
0,0,1,0,0,1,0,2,2,:4:0
0,0,1,0,0,1,0,2,2,:6:0
0,1,1,2,2,0,2,1,0,:0:0.851692
0,1,1,2,2,0,2,1,0,:5:-0.2671818
0,1,1,2,2,0,2,1,0,:8:0
0,0,1,0,0,0,2,0,0,:3:0
0,0,1,0,0,0,2,0,0,:8:0
0,2,1,0,1,0,2,0,0,:5:0
0,2,1,2,1,1,2,0,0,:0:0
1,2,1,2,1,1,2,0,2,:7:0
1,0,2,0,0,0,1,2,0,:1:0
1,0,2,0,0,0,1,2,0,:3:0.8514919
1,0,2,0,0,0,1,2,0,:4:0
1,0,2,0,0,0,1,2,0,:5:0
1,0,2,0,0,0,1,2,0,:8:0
0,0,0,0,1,0,2,0,0,:3:0
0,0,0,1,1,0,2,2,0,:5:0.8513919
2,1,0,0,0,0,1,0,2,:5:0
1,1,0,0,0,0,2,0,2,:5:0
1,1,0,2,0,1,2,0,2,:2:0.8511919
2,0,1,2,0,0,0,0,1,:6:0
2,0,1,2,0,2,1,0,1,:1:-0.2494739
0,2,0,0,1,0,1,2,0,:5:0
0,2,2,0,1,1,1,2,0,:3:0.7156711
0,0,0,0,0,2,1,2,1,:4:0
2,0,0,0,1,2,1,2,1,:2:0.8508918
1,2,2,0,0,1,2,1,0,:8:-0.8507918
0,1,0,0,2,0,0,0,0,:6:0
0,1,0,2,2,0,1,0,0,:8:0
0,1,0,2,2,0,1,2,1,:5:0
0,1,2,2,2,1,1,2,1,:0:0
0,0,1,2,0,0,0,1,2,:0:0
1,0,1,2,2,0,0,1,2,:6:-0.8505918
1,0,0,0,0,0,2,0,0,:2:0
1,0,0,0,0,0,2,0,0,:8:0
1,1,0,0,0,0,2,0,2,:3:0
1,1,0,1,0,2,2,0,2,:7:0
1,1,0,1,2,2,2,1,2,:2:0
1,2,0,2,0,0,0,0,1,:7:0
1,2,0,2,0,2,0,1,1,:4:0.8503917
0,0,0,0,0,1,2,0,0,:7:0
0,0,0,2,0,1,2,1,0,:0:0
1,0,0,2,2,1,2,1,0,:8:-0.8502917
1,0,0,1,0,0,0,2,2,:5:0.5973082
1,2,0,1,0,1,0,2,2,:6:1.936953
1,2,0,1,2,0,0,0,0,:7:0
1,2,0,1,2,2,0,1,0,:8:0
1,2,2,1,2,2,0,1,1,:6:0
1,2,0,1,1,2,0,0,2,:7:0
0,0,0,1,1,2,0,2,0,:1:0
2,1,0,1,1,2,0,2,0,:2:0
0,0,0,1,2,2,0,0,1,:7:0
0,2,0,1,2,2,0,1,1,:6:0.8497916
0,2,2,1,1,0,0,0,0,:7:0
0,2,2,1,1,2,0,1,0,:6:-0.8496916
2,0,0,2,0,1,0,0,1,:1:0
2,1,0,2,0,1,0,2,1,:4:0
0,0,0,1,0,0,2,0,0,:8:0
0,0,0,1,0,0,2,2,1,:4:0
0,2,0,1,1,0,2,2,1,:2:0
0,2,1,1,1,2,2,2,1,:0:0
0,1,0,2,0,0,1,0,2,:4:0
0,1,0,2,1,2,1,0,2,:0:0
0,1,0,2,1,2,1,0,2,:7:0
1,0,2,0,2,1,1,2,0,:3:0.8492916
1,0,0,1,2,0,0,0,2,:2:0
1,2,1,1,2,0,0,0,2,:7:0
0,0,2,2,1,1,1,0,2,:0:0
0,0,2,2,1,1,1,0,2,:1:0
0,0,2,2,1,1,1,0,2,:7:0
1,2,2,2,1,1,1,0,2,:7:0
1,1,0,0,0,0,2,2,0,:2:0.8489915
2,0,0,2,1,0,0,1,0,:1:0.8488915
2,0,0,0,0,0,0,0,1,:2:0
2,0,1,0,2,0,0,0,1,:1:0
2,0,1,0,2,0,0,0,1,:3:0
2,0,1,0,2,0,0,0,1,:5:0
2,0,1,0,2,0,0,0,1,:6:0
2,0,1,0,2,0,0,0,1,:7:0
2,2,1,0,2,0,1,0,1,:7:0.8486915
0,0,0,0,0,0,0,1,2,:4:0
0,0,0,0,1,0,2,1,2,:2:0
0,0,1,0,1,2,2,1,2,:1:0.8485914
0,2,1,0,2,1,0,0,0,:0:0
0,2,1,0,2,1,0,0,0,:3:0
0,2,1,0,2,1,0,0,0,:6:0
0,2,1,0,2,1,0,0,0,:7:0
0,2,1,0,2,1,0,0,0,:8:0
0,2,1,1,2,1,0,0,2,:0:-0.8484914
1,0,0,0,2,1,0,2,0,:6:0
1,0,0,0,2,1,1,2,2,:1:0
0,0,2,0,0,0,0,0,1,:4:0
0,0,2,0,1,0,2,0,1,:5:0
0,0,2,2,1,1,2,0,1,:1:0
0,0,2,2,1,1,2,0,1,:7:0
0,2,1,0,0,0,0,0,0,:0:0
1,2,1,2,0,0,0,0,0,:4:0
1,2,1,2,1,0,2,0,0,:5:0
1,2,1,2,1,0,2,0,0,:8:0
0,0,0,0,2,1,0,0,0,:3:0
0,0,0,1,2,1,0,0,2,:1:0
0,1,2,1,2,1,0,0,2,:6:0
2,0,0,1,0,1,2,0,0,:1:0
2,1,2,1,0,1,2,0,0,:4:0.8479913
1,2,0,0,0,0,0,0,0,:5:0
1,2,0,0,0,1,2,0,0,:2:0
1,2,1,0,0,1,2,0,2,:7:0
0,1,1,0,0,2,1,2,2,:3:0
0,1,1,1,2,2,1,2,2,:0:0
2,1,2,0,0,0,1,0,0,:8:0
2,1,2,0,0,2,1,0,1,:7:0.8476913
1,2,0,0,0,0,2,0,1,:4:0.8475913
2,0,0,1,1,0,2,0,0,:5:0.8474913
2,0,1,0,2,1,0,0,0,:6:-0.8473912
0,1,1,0,2,2,0,0,0,:7:0
2,1,1,0,2,2,0,1,0,:8:-0.8472912
0,0,0,1,0,0,0,0,2,:6:0
0,0,0,1,0,2,1,0,2,:0:0.8471912
2,0,1,0,0,0,2,0,1,:7:-0.8470912
0,1,0,0,0,1,2,0,2,:2:0
2,1,1,0,0,1,2,0,2,:3:-0.8469912
2,1,1,0,0,1,2,0,2,:4:0
2,1,1,0,0,1,2,0,2,:7:0
1,2,0,0,1,2,0,0,0,:8:0.8468912
1,2,0,2,0,0,1,1,2,:2:0
1,2,0,2,0,0,1,1,2,:4:0
1,2,0,2,0,0,1,1,2,:5:0
1,2,0,1,1,2,0,0,2,:6:0.8466911
1,2,2,0,1,0,0,0,0,:5:0
1,2,2,0,1,1,2,0,0,:7:0
0,0,1,0,2,1,2,0,0,:8:1.53937
1,0,2,0,2,0,0,1,0,:3:0
1,2,2,1,2,0,0,1,0,:8:-0.846191
0,0,0,1,0,2,0,1,2,:0:0
1,2,0,1,0,2,0,1,2,:2:0.579669
0,0,1,2,1,0,0,0,2,:6:0.845991
1,0,0,2,0,0,1,2,0,:8:0
1,0,2,2,0,0,1,2,1,:1:0
1,1,2,2,0,2,1,2,1,:4:0
0,2,2,0,1,0,0,0,1,:5:0
0,2,2,0,1,1,0,2,1,:3:0.845791
0,0,2,0,0,0,0,0,1,:5:0
0,0,2,0,0,1,0,2,1,:4:0
0,0,2,0,1,1,2,2,1,:3:0.845691
0,0,2,0,1,0,1,2,0,:1:0
0,2,0,0,0,1,0,0,0,:4:0
2,0,1,0,0,0,2,1,0,:4:0
2,2,1,0,1,0,2,1,0,:8:0
2,1,0,1,0,0,2,0,0,:2:0
2,1,1,1,2,0,2,0,0,:8:0
2,1,1,1,2,2,2,0,1,:7:0
2,0,2,1,0,0,1,0,0,:4:0
2,0,2,1,1,0,1,0,2,:5:0.8451909
0,1,0,0,2,0,2,0,1,:7:0
0,1,0,2,2,0,2,1,1,:0:-0.8450909
2,0,0,0,1,1,0,2,0,:1:0
2,0,0,0,1,1,0,2,0,:2:0
2,0,0,0,1,1,0,2,0,:6:0
2,0,0,0,1,1,0,2,0,:8:0
0,1,0,1,2,0,2,0,0,:7:-0.8448908
1,2,2,0,0,0,1,2,1,:3:0
1,2,2,0,0,0,1,2,1,:4:0.8447908
1,2,2,0,0,0,1,2,1,:5:0
0,0,2,0,2,1,0,0,1,:7:0
2,0,2,0,2,1,0,1,1,:1:-0.8446908
2,0,0,1,0,0,0,0,0,:5:0
2,0,2,1,0,1,0,0,0,:7:-0.8445908
2,2,0,0,0,0,0,1,1,:6:-0.8444908
0,0,0,0,2,1,0,0,0,:1:0
2,1,0,0,2,1,0,0,0,:2:0
2,1,1,0,2,1,2,0,0,:7:-0.8443907
1,1,2,1,0,0,2,0,2,:5:-0.8442907
2,1,0,0,0,0,2,0,1,:4:0
2,1,2,0,1,0,2,0,1,:3:0
0,0,2,1,0,0,0,0,0,:6:0
0,0,2,1,0,0,1,0,2,:0:0
0,0,2,1,0,0,1,0,2,:1:0
0,0,2,1,0,0,1,0,2,:4:-0.8419904
0,0,2,1,0,0,1,0,2,:5:0
0,0,2,1,0,0,1,0,2,:7:0
2,0,2,1,0,1,1,0,2,:7:-0.8440907
1,0,2,1,0,2,0,2,1,:6:0.8439907
0,0,0,1,1,0,2,0,2,:2:0
2,0,1,0,0,1,0,0,2,:4:0
2,0,1,0,1,1,2,0,2,:7:-0.8437907
0,1,0,2,0,2,0,0,1,:7:0
0,1,0,2,0,2,2,1,1,:2:-0.8436906
1,0,0,0,0,2,0,0,0,:7:0
1,0,0,2,0,2,0,1,0,:1:0
0,1,2,0,2,1,1,2,0,:8:0
0,1,0,0,0,0,0,2,0,:8:0
0,1,2,0,0,0,0,2,1,:4:0
0,1,2,2,1,0,0,2,1,:0:0.8433906
0,2,0,0,2,1,0,0,1,:6:0
2,2,0,0,2,1,1,0,1,:2:0.8432906
1,2,0,0,0,1,0,0,2,:7:0
1,2,0,0,2,1,0,1,2,:2:0
1,1,2,0,0,2,0,0,0,:8:0
1,1,2,2,0,2,0,0,1,:4:0
1,1,2,2,0,2,0,0,1,:6:0
1,1,2,2,0,2,0,0,1,:7:0
0,0,1,0,0,0,0,0,2,:7:0
0,0,1,0,0,0,2,1,2,:0:0
1,0,1,2,0,0,2,1,2,:5:0
0,0,2,0,0,2,0,1,1,:6:0.8428905
0,1,2,0,2,0,0,0,1,:0:0
0,1,2,0,2,0,0,0,1,:3:0
0,1,2,0,2,0,0,0,1,:5:0
0,1,2,0,2,0,0,0,1,:6:0
0,1,2,0,2,0,0,0,1,:7:0
0,1,2,1,2,2,0,0,1,:7:0
2,1,2,1,2,2,0,1,1,:6:0
2,0,2,0,1,0,0,1,0,:8:0
2,0,2,0,1,0,2,1,1,:5:-0.8426905
1,0,1,2,2,0,1,2,0,:8:-0.9743091
2,0,0,1,2,0,0,1,0,:5:0
2,0,0,1,2,1,2,1,0,:8:0
1,0,0,0,0,2,1,2,0,:2:0
1,0,1,2,0,2,1,2,0,:4:0.8423904
2,2,0,0,1,1,0,0,0,:8:0
2,2,0,2,1,1,0,0,1,:2:0.8422904
0,1,0,2,0,0,0,0,0,:5:0
0,1,2,2,0,1,0,0,0,:8:0
0,1,2,2,0,1,2,0,1,:4:0
2,1,0,0,0,0,0,0,0,:2:0
2,1,1,0,0,2,0,0,0,:7:0
1,0,0,1,0,2,2,0,0,:1:0
1,1,0,1,0,2,2,2,0,:2:0.8417903
0,1,2,1,2,0,0,0,0,:0:0
1,1,2,1,2,0,0,0,2,:6:0.8416903
0,0,2,1,0,0,0,0,0,:1:0
0,1,2,1,0,0,2,0,0,:0:0
1,1,2,1,0,2,2,0,0,:8:-0.8415903
0,2,0,1,2,0,0,0,1,:0:0
0,2,0,1,2,0,0,0,1,:2:0
0,2,0,1,2,0,0,0,1,:5:0
0,2,0,1,2,0,0,0,1,:6:-0.8414903
0,2,0,1,2,0,0,0,1,:7:0
1,0,2,0,0,1,0,0,2,:1:0
1,1,2,2,0,1,0,0,2,:6:0
0,0,0,0,0,0,2,1,0,:3:0
2,2,0,1,0,0,2,1,1,:5:-0.8412902
0,0,0,0,1,2,0,1,2,:0:0
1,0,0,2,1,2,0,1,2,:6:-0.8411902
0,1,1,0,2,1,2,2,0,:8:0.8410902
0,0,1,0,0,2,1,0,2,:0:0
0,0,1,0,0,2,1,0,2,:1:0
0,0,1,0,0,2,1,0,2,:3:0
0,0,1,0,0,2,1,0,2,:4:0
0,0,1,0,0,2,1,0,2,:7:0
1,0,1,0,2,2,1,0,2,:3:0.8409902
0,1,0,0,0,0,2,2,1,:3:0
0,1,2,1,0,0,2,2,1,:5:-0.8408902
0,2,0,1,0,0,0,1,2,:5:0
0,2,0,1,2,1,0,1,2,:2:-0.8407902
0,2,0,0,0,2,1,0,1,:3:0
2,2,0,1,0,2,1,0,1,:4:-0.2395638
0,2,2,0,0,1,0,1,0,:8:-0.8405901
1,2,2,1,0,1,0,2,0,:4:0.8404901
2,0,0,2,1,1,0,1,2,:6:0
2,2,0,2,1,1,1,1,2,:2:0
0,0,2,0,0,1,0,1,2,:4:0
2,0,2,0,1,1,0,1,2,:6:0
0,0,0,2,2,0,1,0,1,:5:0
2,0,0,2,2,1,1,0,1,:2:0.8401901
2,2,0,2,1,0,1,1,0,:5:0.5750871
1,0,2,0,2,0,0,0,1,:6:0
1,2,2,0,2,0,1,0,1,:3:0.83999
0,2,0,2,1,1,0,0,0,:0:0
1,2,2,2,1,1,0,0,0,:8:0.83989
0,0,0,0,0,0,2,1,0,:5:0
1,0,0,0,1,2,2,1,2,:2:0
2,2,1,0,0,0,0,0,1,:3:0
2,2,1,1,0,2,0,0,1,:4:0
2,2,1,1,1,2,2,0,1,:7:0
0,0,2,0,2,0,1,1,0,:1:0
0,1,2,2,2,0,1,1,0,:0:0
0,0,2,0,0,0,0,1,0,:1:0
0,0,2,0,0,0,0,1,0,:6:0
0,0,2,2,1,0,0,1,0,:0:0.6008011
1,0,2,2,1,0,0,1,2,:1:0.8393899
0,0,0,1,1,0,2,0,2,:0:0
0,0,0,1,1,0,2,0,2,:1:0
0,0,0,1,1,0,2,0,2,:5:0
1,0,0,1,1,2,2,0,2,:1:-0.8391899
1,0,0,1,1,2,2,0,2,:2:0
0,0,0,1,2,0,2,0,1,:5:-0.8390899
0,0,0,0,2,0,0,1,0,:8:0
0,2,0,0,2,0,0,1,1,:2:0
2,2,1,0,2,0,0,1,1,:5:0.8389899
0,0,0,1,0,1,0,2,2,:0:0
0,0,0,1,0,1,0,2,2,:1:0
0,0,0,1,0,1,0,2,2,:2:0
0,0,0,1,0,1,0,2,2,:4:0
0,0,0,1,0,1,0,2,2,:6:0
1,0,2,1,0,1,0,2,2,:4:0.8388898
1,0,0,2,2,0,0,1,0,:2:0
1,0,1,2,2,0,2,1,0,:1:0.8387898
0,0,0,2,1,1,2,0,0,:0:0
1,0,2,2,1,1,2,0,0,:7:0.5823155
0,1,2,0,0,1,2,0,0,:8:0
2,1,2,0,0,1,2,0,1,:3:-0.8385898
0,1,1,0,2,0,2,0,0,:7:0.598815
2,0,0,0,0,0,0,0,1,:5:0
2,0,2,1,0,0,0,0,1,:1:0
2,1,2,1,2,0,0,0,1,:5:-0.8383898
0,2,1,0,0,1,2,0,0,:0:0
1,2,1,0,0,1,2,0,2,:3:-0.8382897
0,1,1,0,0,2,0,2,0,:3:0
2,1,1,1,0,2,0,2,0,:4:0
2,1,1,1,0,2,0,2,0,:8:0
0,0,1,0,2,1,0,2,0,:8:0.8380897
1,0,1,0,2,0,0,0,2,:3:0
1,0,1,0,2,0,0,0,2,:5:0
1,0,1,0,2,0,0,0,2,:6:0
1,0,1,0,2,0,0,0,2,:7:0
2,0,2,0,0,1,0,0,1,:7:-0.1375904
0,1,2,0,1,0,0,0,2,:7:0.8377897
1,2,0,0,0,1,2,0,0,:8:0
1,2,0,0,2,1,2,0,1,:7:0
1,2,0,2,2,1,2,1,1,:2:0
0,0,2,2,0,1,0,1,0,:1:0
0,0,2,2,0,1,0,1,0,:4:0
0,0,2,2,0,1,0,1,0,:6:0
1,2,2,2,0,1,0,1,0,:4:0
1,2,2,2,0,1,0,1,0,:6:0
1,2,2,2,0,1,0,1,0,:8:0
0,1,0,0,0,2,0,0,0,:3:0
0,1,0,1,0,2,0,0,2,:7:0
2,1,0,1,0,2,0,1,2,:2:0
1,0,0,2,2,0,0,0,1,:1:0
1,0,0,2,2,0,0,0,1,:2:0
1,0,0,2,2,0,0,0,1,:7:0
0,0,1,0,1,0,2,2,0,:3:0
0,0,1,1,1,2,2,2,0,:0:-0.8372896
0,1,0,1,0,2,0,0,2,:2:0
2,1,1,1,0,2,0,0,2,:7:-0.8371896
0,1,0,0,0,2,2,1,0,:3:0
0,1,0,1,0,2,2,1,2,:4:0.8370895
0,2,2,1,0,1,0,0,0,:4:0.8369895
1,2,0,0,2,0,0,0,1,:5:0
1,2,2,0,2,1,0,0,1,:3:-0.8368895
1,0,0,2,0,0,1,2,0,:2:0
2,0,0,0,0,0,1,0,0,:7:0
2,2,0,0,0,0,1,1,0,:2:0
2,2,0,0,0,0,1,1,0,:3:0
2,2,0,0,0,0,1,1,0,:4:0
2,2,0,0,0,0,1,1,0,:5:0
2,2,0,0,0,0,1,1,0,:8:0
2,2,0,0,1,2,1,1,0,:2:0.8366895
2,1,0,0,0,0,2,1,0,:3:0
2,1,0,1,2,0,2,1,0,:2:-0.8365895
0,1,0,0,0,1,0,2,2,:2:0
2,1,1,0,0,1,0,2,2,:3:-0.8364894
2,1,1,1,2,0,2,0,0,:5:0
2,1,1,1,2,0,2,0,0,:7:0
1,2,1,0,0,0,0,2,0,:4:0
1,2,1,2,1,0,0,2,0,:5:0
1,2,1,2,1,0,0,2,0,:6:0
1,2,1,2,1,0,0,2,0,:8:0
1,2,1,2,1,1,2,2,0,:8:0
1,0,0,0,0,2,0,0,0,:8:0
1,0,0,0,0,2,2,0,1,:2:0
1,0,1,0,0,2,2,2,1,:3:0
0,0,0,0,1,0,0,2,0,:2:0
0,2,1,0,1,2,0,2,1,:0:1.426367
1,0,0,2,0,0,2,1,0,:5:0
1,0,0,2,0,1,2,1,2,:1:0
0,2,0,0,0,0,1,0,0,:2:0
2,2,1,0,0,0,1,0,0,:8:0
2,2,1,2,0,0,1,0,1,:5:0.8358893
2,0,2,0,2,1,0,1,1,:3:-0.8357893
1,0,2,0,1,0,0,2,0,:5:0
1,0,2,0,1,1,0,2,2,:1:-0.8356893
2,0,1,0,0,2,0,0,1,:4:0
1,0,0,0,0,0,2,2,1,:3:0
1,2,0,1,0,0,2,2,1,:2:-0.8354893
2,0,1,0,0,0,0,2,1,:6:0
2,0,1,2,0,0,1,2,1,:4:0.8353893
0,1,2,1,0,2,0,0,0,:0:-0.8352892
2,0,0,0,2,1,0,1,0,:2:0
2,0,1,0,2,1,2,1,0,:3:-0.8351892
2,1,1,2,0,0,0,0,0,:4:-0.8350892
0,0,2,0,0,1,0,2,1,:0:0
1,2,2,0,0,1,0,2,1,:6:-0.2656654
0,0,1,2,2,1,0,0,0,:7:0
2,0,1,0,1,0,2,0,0,:5:0
2,0,1,0,1,1,2,0,2,:3:0.8347892
2,1,0,0,0,0,0,2,1,:5:0
2,1,0,0,2,1,0,2,1,:6:0
0,2,0,1,1,0,0,0,2,:2:0
0,2,1,1,1,0,0,2,2,:6:0.8345891
1,0,0,2,0,0,2,1,0,:1:0
1,1,0,2,0,0,2,1,2,:2:0.8344891
1,0,2,0,1,0,2,0,0,:3:0.5702498
1,2,2,1,1,0,2,0,0,:8:0.8343891
0,0,1,0,2,1,2,0,0,:0:0
0,0,1,0,2,1,2,0,0,:1:0
0,0,1,0,2,1,2,0,0,:3:0
0,0,1,0,2,1,2,0,0,:7:0
0,0,0,1,2,0,2,1,0,:2:0
0,0,1,1,2,0,2,1,2,:0:0
0,0,1,1,2,0,2,1,2,:1:0
0,0,1,1,2,0,2,1,2,:5:0
1,2,1,1,2,0,2,1,2,:5:0
0,1,1,2,0,0,2,0,0,:4:0
0,1,1,2,1,2,2,0,0,:0:0.834089
0,0,2,0,1,2,0,0,1,:7:0
2,0,2,0,1,2,0,1,1,:1:0.833989
1,0,0,2,0,0,0,0,0,:5:0
1,0,0,2,0,1,2,0,0,:7:0
1,0,0,2,2,1,2,1,0,:1:-0.833889
0,1,0,2,0,0,0,1,2,:5:0
0,1,2,2,0,1,0,1,2,:6:0
0,0,0,0,1,1,2,0,2,:3:0.833689
2,0,1,2,0,1,0,0,0,:1:0
2,0,1,2,0,1,0,0,0,:6:0
2,0,1,2,0,1,0,0,0,:7:0
2,0,1,2,0,1,0,0,0,:8:0
2,0,1,2,1,1,0,0,2,:1:0.5699031
0,0,0,0,2,0,1,1,2,:2:-0.8334889
0,0,0,0,0,1,2,0,0,:2:0
2,1,0,0,0,1,2,0,0,:7:0
2,1,2,0,0,1,2,1,0,:4:0.8333889
0,2,0,0,1,0,2,1,0,:2:0
0,2,1,0,1,0,2,1,2,:3:0
0,2,1,1,1,2,2,1,2,:0:0
1,0,0,0,2,0,2,1,0,:8:0
1,2,0,0,2,0,2,1,1,:3:-0.8331889
0,0,1,0,2,2,0,1,0,:0:0
1,0,1,0,2,2,2,1,0,:3:0
1,0,1,1,2,2,2,1,2,:1:0
0,0,2,1,0,0,2,1,0,:8:0
0,0,2,1,0,2,2,1,1,:0:-0.8329889
1,0,0,0,0,0,1,2,2,:1:0
1,0,0,0,0,0,1,2,2,:2:0
1,0,0,0,0,0,1,2,2,:4:0
1,0,0,0,0,0,1,2,2,:5:0
1,0,0,2,0,0,0,1,2,:1:0
1,0,0,2,0,0,0,1,2,:2:0
1,0,0,2,0,0,0,1,2,:4:0
1,0,0,2,0,0,0,1,2,:5:0
1,0,0,2,0,0,0,1,2,:6:0
0,1,2,0,0,2,1,0,0,:3:0
0,1,2,1,2,2,1,0,0,:0:0.8326888
0,0,1,0,0,0,0,2,0,:3:0
0,0,1,1,0,2,0,2,0,:0:0
1,2,1,1,0,2,0,2,0,:4:0
1,2,1,1,1,2,2,2,0,:8:0
1,2,2,1,0,0,0,0,0,:4:0
1,2,2,1,0,0,0,0,0,:5:0
1,2,2,1,0,0,0,0,0,:6:0.8323888
1,2,2,1,0,0,0,0,0,:7:0
1,2,2,1,0,0,0,0,0,:8:0
2,2,1,1,1,0,0,0,2,:5:1.422879
0,0,0,2,0,1,0,1,2,:0:0
1,0,0,2,0,1,2,1,2,:4:0
2,0,2,2,1,0,0,1,1,:1:0
2,0,2,2,1,0,0,1,1,:5:-0.8320887
2,0,2,2,1,0,0,1,1,:6:0
2,2,0,1,0,0,0,1,0,:4:0
2,2,0,1,1,0,0,1,2,:2:0
2,2,0,1,1,0,0,1,2,:5:0
2,2,0,1,1,0,0,1,2,:6:0
2,2,1,1,1,2,0,1,2,:6:0
0,0,2,1,2,0,0,1,0,:1:0
0,1,2,1,2,0,0,1,2,:0:-0.8318887
0,1,0,0,0,1,2,2,0,:4:0
1,0,2,2,0,0,1,0,0,:4:0
1,0,2,2,1,0,1,2,0,:8:0.8314886
2,0,0,0,0,0,0,1,0,:2:0
2,0,1,0,0,2,0,1,0,:8:0
2,0,1,0,0,2,2,1,1,:4:-0.8313886
0,0,2,0,1,0,1,0,2,:0:0
0,0,2,0,1,0,1,0,2,:1:0
0,0,2,0,1,0,1,0,2,:3:0
0,0,2,0,1,0,1,0,2,:7:0
0,0,1,2,0,1,2,0,0,:8:-0.8311886
0,1,0,0,2,1,2,0,0,:7:-0.8310885
2,2,1,0,0,0,1,0,0,:5:0
2,2,1,0,0,1,1,2,0,:8:0.8309885
0,1,0,2,0,0,1,0,2,:0:0
1,1,0,2,0,0,1,2,2,:4:0
1,1,0,2,1,2,1,2,2,:2:0
1,1,2,0,0,0,0,2,0,:5:0
1,1,2,0,2,1,0,2,0,:3:-0.8307885
1,2,1,0,2,0,0,0,0,:7:0
1,2,1,0,2,0,0,1,2,:6:0
0,0,2,1,0,0,0,1,2,:0:0
1,0,0,2,0,1,0,0,2,:2:0
1,0,1,2,0,1,0,2,2,:6:0
1,2,1,1,0,0,0,2,2,:4:1.066482
1,2,1,1,1,2,0,2,2,:6:0
0,0,0,0,1,2,0,2,1,:1:0
0,1,0,2,1,2,0,2,1,:0:0.8302884
0,0,0,1,0,0,2,0,0,:4:0
0,0,0,1,1,2,2,0,0,:0:0
0,0,0,1,1,2,2,0,0,:1:0
0,0,0,1,1,2,2,0,0,:2:0
0,0,0,1,1,2,2,0,0,:7:0
0,0,0,1,1,2,2,0,0,:8:0
0,1,2,1,1,2,2,0,0,:0:0
1,1,2,1,1,2,2,2,0,:8:0
0,0,2,0,0,0,1,2,1,:4:0
0,0,2,0,1,2,1,2,1,:0:0.8300884
